日期,身份別,多方交易口數,多方交易契約金額(百萬元),空方交易口數,空方交易契約金額(百萬元),多空交易口數淨額,多空交易契約金額淨額(百萬元),多方未平倉口數,多方未平倉契約金額(百萬元),空方未平倉口數,空方未平倉契約金額(百萬元),多空未平倉口數淨額,多空未平倉契約金額淨額(百萬元)
2012/5/14,自營商,269294,25691,264771,26242,4523,-551,301588,14406,443188,13479,-141600,927
2012/5/14,投信,895,521,723,1032,172,-511,1298,1748,3847,2378,-2549,-630
2012/5/14,外資及陸資,88423,63872,81112,55501,7311,8371,318545,48987,333542,51370,-14997,-2383
2012/5/15,自營商,420875,43662,423794,45257,-2919,-1595,313040,15125,458333,15795,-145293,-670
2012/5/15,投信,1194,1665,1180,1576,14,89,1249,1678,3784,2216,-2535,-538
2012/5/15,外資及陸資,133362,75951,113582,73960,19780,1991,343774,48900,340707,49233,3067,-333
2012/5/16,自營商,424097,49898,469714,53793,-45617,-3895,125340,6260,147553,10772,-22213,-4512
2012/5/16,投信,1783,1433,1004,1229,779,204,1233,1627,1562,1964,-329,-338
2012/5/16,外資及陸資,133815,75497,154957,81721,-21142,-6224,202279,35562,228495,36100,-26216,-537
2012/5/17,自營商,166103,25120,162744,26184,3359,-1064,151264,7385,170103,13049,-18839,-5663
2012/5/17,投信,99,144,379,360,-280,-216,1253,1671,1862,2229,-609,-557
2012/5/17,外資及陸資,77783,39580,72822,39369,4961,211,220944,34143,242556,34358,-21612,-215
2012/5/18,自營商,279369,36653,275729,40171,3640,-3518,188857,7176,204035,16101,-15178,-8926
2012/5/18,投信,402,366,629,406,-227,-40,1305,1679,2141,2263,-836,-584
2012/5/18,外資及陸資,112289,56279,125356,54545,-13067,1734,237241,37223,271722,36089,-34481,1134
2012/5/21,自營商,166749,19074,167563,19145,-814,-71,206690,7469,223513,16569,-16823,-9100
2012/5/21,投信,38,55,165,228,-127,-173,1301,1692,2264,2454,-963,-761
2012/5/21,外資及陸資,71443,39457,64021,33760,7422,5697,246920,36262,274900,29311,-27980,6951
2012/5/22,自營商,156567,21533,155150,19260,1417,2273,220950,8659,236461,15588,-15511,-6930
2012/5/22,投信,169,236,81,108,88,128,1365,1789,2240,2428,-875,-639
2012/5/22,外資及陸資,57940,27847,67540,31604,-9600,-3757,253319,37256,290578,33889,-37259,3367
2012/5/23,自營商,228576,29766,221152,30478,7424,-712,250173,9351,258209,16812,-8036,-7461
2012/5/23,投信,218,311,803,163,-585,148,1374,1777,2834,2259,-1460,-483
2012/5/23,外資及陸資,77132,37618,86260,37070,-9128,548,263882,36836,309660,33136,-45778,3700
2012/5/24,自營商,220549,30580,213713,31614,6836,-1034,268048,9735,269290,18218,-1242,-8483
2012/5/24,投信,656,354,935,163,-279,191,1386,1793,3125,2085,-1739,-292
2012/5/24,外資及陸資,62397,34381,83833,36802,-21436,-2421,255882,36099,322694,34819,-66812,1280
2012/5/25,自營商,227805,30524,232273,31744,-4468,-1220,286898,10376,292239,19924,-5341,-9548
2012/5/25,投信,109,146,274,356,-165,-210,1395,1786,3299,2286,-1904,-500
2012/5/25,外資及陸資,61166,35296,74100,37669,-12934,-2373,257222,36965,335515,38173,-78293,-1207
2012/5/28,自營商,188379,25248,184985,25470,3394,-222,306695,10181,309290,20100,-2595,-9919
2012/5/28,投信,572,616,377,384,195,232,1455,1862,3164,2132,-1709,-269
2012/5/28,外資及陸資,56923,27479,53538,25915,3385,1564,265599,37791,341863,37328,-76264,463
2012/5/29,自營商,367457,47333,353070,42957,14387,4376,331817,13745,320544,19604,11273,-5858
2012/5/29,投信,411,579,518,378,-107,201,1541,2078,3357,2146,-1816,-68
2012/5/29,外資及陸資,115157,50650,100738,42420,14419,8230,283041,41871,346104,32837,-63063,9033
2012/5/30,自營商,226633,29684,230443,31563,-3810,-1879,341124,12539,332941,20169,8183,-7629
2012/5/30,投信,104,150,40,58,64,92,1555,2082,3307,2057,-1752,25
2012/5/30,外資及陸資,63560,34662,89131,44067,-25571,-9405,278930,41251,365999,41826,-87069,-575
2012/5/31,自營商,329045,47430,331765,46365,-2720,1065,362831,14372,357233,20909,5598,-6536
2012/5/31,投信,345,166,1011,707,-666,-541,1399,1858,3817,2382,-2418,-524
2012/5/31,外資及陸資,86368,45248,95611,41161,-9243,4087,286181,44575,381845,41047,-95664,3528
2012/6/1,自營商,311263,43365,320139,44369,-8876,-1004,373952,13599,376333,20866,-2381,-7268
2012/6/1,投信,394,236,920,376,-526,-140,1422,1853,4366,2512,-2944,-659
2012/6/1,外資及陸資,100938,49357,114174,49082,-13236,275,300847,46726,408136,43237,-107289,3489
2012/6/4,自營商,501400,42603,499535,48341,1865,-5738,404494,14283,404947,26737,-453,-12454
2012/6/4,投信,357,174,396,250,-39,-76,1450,1814,4433,2542,-2983,-728
2012/6/4,外資及陸資,179908,58516,153491,51791,26417,6725,327385,47628,409416,38137,-82031,9491
2012/6/5,自營商,291315,35979,278078,33678,13237,2301,432279,15326,419138,25888,13141,-10563
2012/6/5,投信,152,180,373,495,-221,-315,1493,1886,4697,2931,-3204,-1045
2012/6/5,外資及陸資,107835,47422,88338,43395,19497,4027,343568,47690,407665,33768,-64097,13922
2012/6/6,自營商,236511,33577,229536,32975,6975,602,443552,15544,423400,25665,20152,-10121
2012/6/6,投信,729,724,80,92,649,632,1525,1943,4080,2361,-2555,-417
2012/6/6,外資及陸資,67094,37250,69616,37237,-2522,13,349183,48951,416255,34836,-67072,14115
2012/6/7,自營商,240146,29737,241254,28571,-1108,1166,436676,15442,417716,24529,18960,-9087
2012/6/7,投信,39,55,458,294,-419,-239,1436,1859,4410,2514,-2974,-654
2012/6/7,外資及陸資,80162,34536,77506,35825,2656,-1289,356147,49476,419999,36496,-63852,12980
2012/6/8,自營商,222892,31093,231410,32065,-8518,-972,441572,14821,431202,24641,10370,-9821
2012/6/8,投信,92,128,529,423,-437,-295,1437,1836,4848,2781,-3411,-944
2012/6/8,外資及陸資,78835,40448,74660,39955,4175,493,370038,52606,429064,39486,-59026,13120
2012/6/11,自營商,258448,36516,269348,31641,-10900,4875,437416,15599,438003,21006,-587,-5407
2012/6/11,投信,355,191,101,143,254,48,1430,1861,4587,2768,-3157,-907
2012/6/11,外資及陸資,91981,36968,81458,39639,10523,-2671,380254,51461,429497,40421,-49243,11040
2012/6/12,自營商,189094,22212,204518,25016,-15424,-2804,438959,15212,454946,23295,-15987,-8083
2012/6/12,投信,541,671,207,254,334,417,1521,1882,4345,2366,-2824,-484
2012/6/12,外資及陸資,58549,33583,55932,30420,2617,3163,386354,54329,433087,40420,-46733,13909
2012/6/13,自營商,210842,25015,203983,22376,6859,2639,434858,17133,443878,22645,-9020,-5512
2012/6/13,投信,88,117,20,28,68,89,1534,1902,4290,2297,-2756,-395
2012/6/13,外資及陸資,71119,31075,72254,31963,-1135,-888,391036,57452,438970,44350,-47934,13102
2012/6/14,自營商,264421,26720,270874,27330,-6453,-610,446460,18976,461525,25148,-15065,-6172
2012/6/14,投信,148,197,252,141,-104,56,1652,2059,4514,2402,-2862,-343
2012/6/14,外資及陸資,97229,34312,93117,33869,4112,443,404267,57389,448665,43775,-44398,13614
2012/6/15,自營商,342014,34060,320768,30585,21246,3475,488629,23110,483072,25979,5557,-2869
2012/6/15,投信,391,444,127,179,264,265,1689,2131,4287,2206,-2598,-75
2012/6/15,外資及陸資,88272,42745,93346,40093,-5074,2652,407944,61574,458745,44978,-50801,16596
2012/6/18,自營商,375450,32694,347101,32723,28349,-29,485250,24329,450915,27424,34335,-3096
2012/6/18,投信,798,1127,861,606,-63,521,1752,2249,4413,1802,-2661,448
2012/6/18,外資及陸資,96098,46649,96369,51640,-271,-4991,408294,62021,459129,49954,-50835,12067
2012/6/19,自營商,236627,25893,264776,22967,-28149,2926,437508,21400,430815,21555,6693,-155
2012/6/19,投信,1244,1646,1711,1535,-467,111,1795,2267,4923,1709,-3128,558
2012/6/19,外資及陸資,92862,63534,89587,65944,3275,-2410,412248,54760,459607,45127,-47359,9632
2012/6/20,自營商,251840,29601,229957,26068,21883,3533,84677,6257,119983,9495,-35306,-3238
2012/6/20,投信,629,791,1368,1055,-739,-264,1708,2209,2572,1368,-864,841
2012/6/20,外資及陸資,69282,39130,75356,40950,-6074,-1820,155108,36159,173676,25617,-18568,10542
2012/6/21,自營商,125067,23152,141838,22729,-16771,423,88979,6977,140642,9751,-51663,-2773
2012/6/21,投信,15,17,68,60,-53,-43,1684,2155,2601,1363,-917,792
2012/6/21,外資及陸資,47714,25440,59595,27831,-11881,-2391,162931,37118,192360,29043,-29429,8075
2012/6/22,自營商,110817,20158,124607,15925,-13790,4233,97544,11065,162169,9565,-64625,1500
2012/6/22,投信,20,15,168,234,-148,-219,1650,2075,2715,1513,-1065,562
2012/6/22,外資及陸資,44267,30725,67461,42211,-23194,-11486,169809,43214,221162,46801,-51353,-3587
2012/6/25,自營商,104499,17656,109985,13560,-5486,4096,103204,14903,173291,9326,-70087,5577
2012/6/25,投信,143,194,50,68,93,126,1703,2118,2675,1440,-972,679
2012/6/25,外資及陸資,45050,34832,62548,43764,-17498,-8932,177238,50407,245171,62954,-67933,-12547
2012/6/26,自營商,76618,11706,83791,11992,-7173,-286,105959,14935,182211,9647,-76252,5288
2012/6/26,投信,135,185,250,347,-115,-162,1785,2227,2872,1711,-1087,516
2012/6/26,外資及陸資,34300,25637,32550,21052,1750,4585,180919,51112,247114,59057,-66195,-7945
2012/6/27,自營商,135399,26880,135858,25943,-459,937,119770,16726,196520,10457,-76750,6269
2012/6/27,投信,238,133,34,47,204,86,1820,2286,2703,1679,-883,607
2012/6/27,外資及陸資,54000,30733,42864,27644,11136,3089,187517,55172,243503,60065,-55986,-4892
2012/6/28,自營商,124834,23649,125681,23564,-847,85,129118,17258,206949,10889,-77831,6368
2012/6/28,投信,262,85,53,66,209,19,1845,2325,2519,1697,-674,627
2012/6/28,外資及陸資,52593,33889,49259,31576,3334,2313,194417,58646,246685,61212,-52268,-2566
2012/6/29,自營商,235797,33211,229725,35340,6072,-2129,147817,17368,220635,13037,-72818,4331
2012/6/29,投信,822,408,177,242,645,166,1920,2472,1949,1665,-29,807
2012/6/29,外資及陸資,74299,45326,63173,39678,11126,5648,200904,60969,243780,57791,-42876,3178
2012/7/2,自營商,138874,16954,141364,14158,-2490,2796,151303,19648,226956,12505,-75653,7143
2012/7/2,投信,920,268,150,209,770,59,2018,2598,1277,1728,741,870
2012/7/2,外資及陸資,35244,21240,42756,22243,-7512,-1003,196935,62148,247352,59988,-50417,2160
2012/7/3,自營商,253367,31396,229131,36040,24236,-4644,162425,17545,214559,14944,-52134,2601
2012/7/3,投信,739,1048,112,111,627,937,2724,3631,1356,1814,1368,1817
2012/7/3,外資及陸資,63220,37299,53400,26745,9820,10554,209902,70427,251828,57610,-41926,12817
2012/7/4,自營商,207513,23410,197549,23090,9964,320,176164,19425,218874,16455,-42710,2970
2012/7/4,投信,416,584,78,107,338,477,3055,4122,1349,1814,1706,2309
2012/7/4,外資及陸資,44852,26739,45444,24701,-592,2038,214775,73185,257401,58187,-42626,14998
2012/7/5,自營商,136144,15257,147891,13858,-11747,1399,178034,19714,232962,15222,-54928,4492
2012/7/5,投信,31,45,17,22,14,23,3077,4158,1357,1824,1720,2334
2012/7/5,外資及陸資,43244,21620,43003,21044,241,576,214179,74324,256735,58683,-42556,15641
2012/7/6,自營商,186546,27551,203100,28139,-16554,-588,188216,18479,259526,14554,-71310,3925
2012/7/6,投信,398,571,99,115,299,456,3408,4636,1389,1855,2019,2781
2012/7/6,外資及陸資,51123,26888,62035,31444,-10912,-4556,216791,72573,269947,61556,-53156,11017
2012/7/9,自營商,176214,22092,178059,22114,-1845,-22,198744,17475,271653,13551,-72909,3924
2012/7/9,投信,202,291,111,160,91,131,3365,4550,1255,1652,2110,2898
2012/7/9,外資及陸資,38717,27510,51027,28506,-12310,-996,216428,73311,281834,63370,-65406,9940
2012/7/10,自營商,264782,34810,284263,35019,-19481,-209,209324,19396,301654,15651,-92330,3745
2012/7/10,投信,179,248,119,171,60,77,3466,4656,1296,1703,2170,2953
2012/7/10,外資及陸資,62307,31619,78733,40015,-16426,-8396,215326,69611,295124,68153,-79798,1458
2012/7/11,自營商,196733,24026,201062,22440,-4329,1586,223793,21254,320470,15900,-96677,5354
2012/7/11,投信,282,373,20,25,262,348,3618,4865,1186,1561,2432,3305
2012/7/11,外資及陸資,46706,28922,49773,29431,-3067,-509,216834,68253,299879,67330,-83045,922
2012/7/12,自營商,336088,41535,389418,41048,-53330,487,223606,23195,372983,17376,-149377,5819
2012/7/12,投信,67,89,213,302,-146,-213,3588,4750,1302,1706,2286,3044
2012/7/12,外資及陸資,102454,46876,106099,58525,-3645,-11649,232141,61995,316884,72757,-84743,-10762
2012/7/13,自營商,259081,24609,271781,26500,-12700,-1891,235178,23162,396832,19213,-161654,3949
2012/7/13,投信,130,181,452,619,-322,-438,3648,4841,1684,2237,1964,2604
2012/7/13,外資及陸資,89695,46538,87835,47852,1860,-1314,237186,61176,320052,73248,-82866,-12071
2012/7/16,自營商,248302,32946,272126,31013,-23824,1933,239548,25173,424807,19236,-185259,5937
2012/7/16,投信,1575,2189,1339,1875,236,314,3902,5162,1710,2253,2192,2909
2012/7/16,外資及陸資,89161,60923,93549,66697,-4388,-5774,236164,56306,323439,74110,-87275,-17804
2012/7/17,自營商,406411,46134,360961,48742,45450,-2608,290160,28874,428571,25502,-138411,3373
2012/7/17,投信,2095,2829,2183,2937,-88,-108,3872,5136,1768,2315,2104,2821
2012/7/17,外資及陸資,119111,91751,125744,87671,-6633,4080,242323,53690,338163,67521,-95840,-13831
2012/7/18,自營商,275111,33649,291020,34475,-15909,-826,78842,10743,156047,11870,-77205,-1127
2012/7/18,投信,1396,1788,1319,1619,77,169,3933,5187,1749,2262,2184,2925
2012/7/18,外資及陸資,76444,47024,95578,52447,-19134,-5423,126054,39652,200993,53481,-74939,-13829
2012/7/19,自營商,175390,31256,169413,29108,5977,2148,106605,13673,179072,12623,-72467,1050
2012/7/19,投信,157,209,71,99,86,110,3996,5366,1726,2274,2270,3092
2012/7/19,外資及陸資,74104,43925,51018,29958,23086,13967,140691,47770,193891,47727,-53200,43
2012/7/20,自營商,100092,13573,102830,13911,-2738,-338,119055,14083,194260,13379,-75205,703
2012/7/20,投信,29,41,81,96,-52,-55,4017,5389,1799,2356,2218,3033
2012/7/20,外資及陸資,37225,26697,44446,29070,-7221,-2373,145709,49801,205440,52139,-59731,-2338
2012/7/23,自營商,183781,30068,210650,30805,-26869,-737,125900,13837,227431,13856,-101531,-19
2012/7/23,投信,153,176,238,300,-85,-124,4017,5272,1884,2423,2133,2849
2012/7/23,外資及陸資,50094,29730,74023,35586,-23929,-5856,148592,49237,230890,57456,-82298,-8218
2012/7/24,自營商,144289,16252,158035,17598,-13746,-1346,133791,12860,249059,14201,-115268,-1341
2012/7/24,投信,153,199,47,65,106,134,4106,5394,1867,2411,2239,2983
2012/7/24,外資及陸資,41740,23877,40173,24273,1567,-396,152099,48470,232632,57083,-80533,-8614
2012/7/25,自營商,238715,32663,221743,33556,16972,-893,150761,13959,248871,16113,-98110,-2154
2012/7/25,投信,223,296,132,178,91,118,4276,5595,1946,2507,2330,3089
2012/7/25,外資及陸資,71224,41302,70896,36073,328,5229,160552,50946,241058,54350,-80506,-3404
2012/7/26,自營商,168510,23572,176807,22709,-8297,863,155286,13871,261693,15159,-106407,-1287
2012/7/26,投信,58,72,69,81,-11,-9,4272,5616,1953,2523,2319,3093
2012/7/26,外資及陸資,56929,29790,55682,29599,1247,191,169240,53298,248826,56508,-79586,-3210
2012/7/27,自營商,242367,32758,229266,32811,13101,-53,173899,14166,267721,15538,-93822,-1372
2012/7/27,投信,285,399,70,77,215,322,4402,5923,1868,2439,2534,3483
2012/7/27,外資及陸資,72596,36951,53836,30794,18760,6157,179467,59592,242012,56610,-62545,2982
2012/7/30,自營商,186692,17934,171421,21215,15271,-3281,196398,12916,275057,17597,-78659,-4681
2012/7/30,投信,39,52,261,298,-222,-246,4413,5977,2079,2684,2334,3293
2012/7/30,外資及陸資,58525,33587,44944,26072,13581,7515,193691,67008,243366,56457,-49675,10551
2012/7/31,自營商,284314,33999,302394,35156,-18080,-1157,215764,13906,312503,19784,-96739,-5878
2012/7/31,投信,263,372,512,192,-249,180,4519,6191,2430,2677,2089,3515
2012/7/31,外資及陸資,79941,38640,77122,37090,2819,1550,203471,67408,251497,55119,-48026,12289
2012/8/1,自營商,225791,25529,223187,24848,2604,681,240632,16036,334779,21262,-94147,-5226
2012/8/1,投信,41,58,219,41,-178,17,4548,6266,2637,2716,1911,3550
2012/8/1,外資及陸資,73252,35894,56810,29451,16442,6443,221235,73504,253586,54644,-32351,18859
2012/8/3,自營商,192133,21496,216827,20291,-24694,1205,233009,14102,351847,18079,-118838,-3977
2012/8/3,投信,118,78,36,36,82,42,4624,6249,2631,2684,1993,3566
2012/8/3,外資及陸資,57151,27451,57977,31524,-826,-4073,226316,70140,258455,55534,-32139,14605
2012/8/6,自營商,304751,29018,313606,29869,-8855,-851,239761,14986,367421,19892,-127660,-4906
2012/8/6,投信,298,429,92,118,206,311,4705,6462,2506,2539,2199,3923
2012/8/6,外資及陸資,76144,29407,77603,38426,-1459,-9019,238840,63784,271655,57908,-32815,5877
2012/8/7,自營商,188042,19337,184252,19784,3790,-447,242095,15255,365947,20605,-123852,-5350
2012/8/7,投信,133,186,169,229,-36,-43,4763,6539,2600,2658,2163,3881
2012/8/7,外資及陸資,47060,23491,39791,22107,7269,1384,247378,64769,272890,57511,-25512,7258
2012/8/8,自營商,347486,32890,318957,35919,28529,-3029,276523,16530,372077,24886,-95554,-8356
2012/8/8,投信,310,287,93,47,217,240,4958,6804,2578,2650,2380,4155
2012/8/8,外資及陸資,98756,54633,69068,40453,29688,14180,276336,72070,272781,50508,3555,21562
2012/8/9,自營商,522731,46859,466632,46170,56099,689,334411,23255,373893,31018,-39482,-7763
2012/8/9,投信,1231,986,882,1159,349,-173,4631,6578,1902,2518,2729,4060
2012/8/9,外資及陸資,120907,67165,113726,59328,7181,7837,290015,70319,280635,40246,9380,30072
2012/8/10,自營商,260677,21842,241379,21342,19298,500,345156,22877,366732,30099,-21576,-7223
2012/8/10,投信,229,325,161,213,68,112,4694,6677,1897,2502,2797,4175
2012/8/10,外資及陸資,60459,32044,60509,33068,-50,-1024,293610,70619,284364,41538,9246,29080
2012/8/13,自營商,233595,25354,235744,23690,-2149,1664,371713,26599,395516,32155,-23803,-5556
2012/8/13,投信,1038,1508,1050,1530,-12,-22,4674,6653,1889,2495,2785,4158
2012/8/13,外資及陸資,62657,45016,62403,45662,254,-646,303586,74296,294077,45775,9509,28521
2012/8/14,自營商,438860,54281,449280,51906,-10420,2375,380990,29694,414772,32888,-33782,-3194
2012/8/14,投信,2466,3540,2074,2953,392,587,4845,6944,1672,2179,3173,4764
2012/8/14,外資及陸資,114827,73972,112472,81729,2355,-7757,315577,70149,302045,49142,13532,21007
2012/8/15,自營商,242726,31748,264490,34012,-21764,-2264,86606,6591,177735,13961,-91129,-7370
2012/8/15,投信,2277,3178,2054,2718,223,460,4724,6705,1325,1685,3399,5020
2012/8/15,外資及陸資,55633,30533,55077,33668,556,-3135,183382,44556,173776,28337,9606,16219
2012/8/16,自營商,186376,31050,186515,28039,-139,3011,117151,9854,208440,14259,-91289,-4405
2012/8/16,投信,8,9,55,82,-47,-73,4706,6733,1354,1744,3352,4989
2012/8/16,外資及陸資,63415,29120,59646,28697,3769,423,197798,47171,184816,30343,12982,16829
2012/8/17,自營商,123216,15746,130355,13798,-7139,1948,119785,11642,218201,14098,-98416,-2456
2012/8/17,投信,41,61,154,45,-113,16,4698,6754,1459,1760,3239,4993
2012/8/17,外資及陸資,47628,22776,66814,30723,-19186,-7947,202440,42617,207881,33783,-5441,8834
2012/8/20,自營商,169384,29621,157349,27960,12035,1661,132506,12033,218896,12796,-86390,-764
2012/8/20,投信,92,136,170,81,-78,55,4732,6774,1571,1748,3161,5026
2012/8/20,外資及陸資,66380,32215,59209,26289,7171,5926,221705,47277,220269,32580,1436,14697
2012/8/21,自營商,212125,35427,206439,37471,5686,-2044,148995,11870,231274,14673,-82279,-2803
2012/8/21,投信,80,117,23,35,57,82,4784,6916,1566,1758,3218,5159
2012/8/21,外資及陸資,64681,42142,67070,40681,-2389,1461,234426,50999,227852,32749,6574,18250
2012/8/22,自營商,137182,23300,144249,22228,-7067,1072,160548,12962,249912,14689,-89364,-1728
2012/8/22,投信,76,88,55,82,21,6,4762,6852,1523,1705,3239,5148
2012/8/22,外資及陸資,33983,22798,46349,26575,-12366,-3777,232758,47423,238169,33061,-5411,14362
2012/8/23,自營商,161808,25826,165914,25253,-4106,573,169193,13950,262732,15119,-93539,-1169
2012/8/23,投信,100,150,205,264,-105,-114,4841,6997,1707,1948,3134,5049
2012/8/23,外資及陸資,57646,32670,60060,34713,-2414,-2043,243713,45865,251535,33478,-7822,12387
2012/8/24,自營商,107486,16731,114112,16558,-6626,173,169494,14164,269701,15131,-100207,-967
2012/8/24,投信,80,88,13,19,67,69,4828,6954,1627,1852,3201,5102
2012/8/24,外資及陸資,36413,23678,42479,21913,-6066,1765,248278,46361,262295,32312,-14017,14050
2012/8/27,自營商,161084,27448,169477,27576,-8393,-128,171536,15032,279878,16119,-108342,-1087
2012/8/27,投信,0,0,40,56,-40,-56,4791,6868,1630,1845,3161,5023
2012/8/27,外資及陸資,39957,30334,52823,41188,-12866,-10854,243184,40493,268294,37317,-25110,3176
2012/8/28,自營商,190983,26959,188768,28350,2215,-1391,176744,13738,282869,16120,-106125,-2382
2012/8/28,投信,49,73,528,462,-479,-389,4711,6698,2029,2101,2682,4597
2012/8/28,外資及陸資,44238,31484,45332,29645,-1094,1839,246088,41885,272081,36970,-25993,4915
2012/8/29,自營商,94515,11873,87793,11652,6722,221,178619,13472,278022,15627,-99403,-2156
2012/8/29,投信,72,107,129,156,-57,-49,4723,6721,2098,2171,2625,4550
2012/8/29,外資及陸資,27693,17660,23732,15929,3961,1731,250869,43075,272934,36438,-22065,6637
2012/8/30,自營商,178686,26055,182011,24833,-3325,1222,182027,14371,284749,15308,-102722,-937
2012/8/30,投信,25,36,331,426,-306,-390,4565,6455,2246,2317,2319,4138
2012/8/30,外資及陸資,49068,32747,47727,27958,1341,4789,253062,44188,273030,32794,-19968,11394
2012/8/31,自營商,157453,22333,165732,22949,-8279,-616,191868,13965,302716,15519,-110848,-1554
2012/8/31,投信,49,71,460,261,-411,-190,4497,6368,2589,2412,1908,3957
2012/8/31,外資及陸資,42594,26754,50527,28634,-7933,-1880,259643,45914,287868,36387,-28225,9526
2012/9/3,自營商,227347,33587,230177,32637,-2830,950,205932,16249,319553,16839,-113621,-590
2012/9/3,投信,513,441,61,90,452,351,4648,6645,2288,2306,2360,4339
2012/9/3,外資及陸資,60093,35980,57193,33931,2900,2049,265204,48863,291663,37149,-26459,11713
2012/9/4,自營商,101621,13133,101616,14553,5,-1420,211852,16068,325510,18072,-113658,-2004
2012/9/4,投信,6,9,64,95,-58,-86,4618,6606,2316,2350,2302,4256
2012/9/4,外資及陸資,28782,17805,33866,21958,-5084,-4153,265826,45837,297138,38238,-31312,7599
2012/9/5,自營商,216157,31058,237469,31753,-21312,-695,214033,16202,348670,18846,-134637,-2644
2012/9/5,投信,52,76,338,498,-286,-422,4509,6354,2493,2576,2016,3778
2012/9/5,外資及陸資,50813,30244,69146,41678,-18333,-11434,265941,39656,313762,43646,-47821,-3990
2012/9/6,自營商,207929,29660,215972,28172,-8043,1488,220410,17430,363006,18575,-142596,-1145
2012/9/6,投信,73,107,555,673,-482,-566,4374,6147,2840,2942,1534,3206
2012/9/6,外資及陸資,53746,34070,63359,30716,-9613,3354,272828,42552,330025,43200,-57197,-648
2012/9/7,自營商,249446,28887,241761,25280,7685,3607,233236,19182,368216,16725,-134980,2457
2012/9/7,投信,353,451,637,53,-284,398,4418,6287,3168,2648,1250,3638
2012/9/7,外資及陸資,57776,32350,56497,36631,1279,-4281,278294,41603,334583,46438,-56289,-4835
2012/9/10,自營商,166378,19903,150633,19844,15745,59,243743,18737,363110,16181,-119367,2557
2012/9/10,投信,128,191,13,16,115,175,4494,6430,3129,2599,1365,3831
2012/9/10,外資及陸資,61737,34051,49781,24436,11956,9615,288468,47822,334076,43026,-45608,4796
2012/9/11,自營商,178574,17420,172930,17465,5644,-45,254266,18913,368133,16409,-113867,2504
2012/9/11,投信,67,100,332,48,-265,52,4492,6435,3392,2548,1100,3887
2012/9/11,外資及陸資,54944,28177,47024,24645,7920,3532,299371,52383,337284,44027,-37913,8357
2012/9/12,自營商,334015,36886,319287,32019,14728,4867,272021,23438,371286,16032,-99265,7406
2012/9/12,投信,148,217,667,250,-519,-33,4512,6569,3932,2655,580,3914
2012/9/12,外資及陸資,80788,39196,67544,35703,13244,3493,321871,57657,347181,45540,-25310,12117
2012/9/13,自營商,240890,19409,244341,22227,-3451,-2818,263084,22916,365710,18324,-102626,4592
2012/9/13,投信,13,17,23,33,-10,-16,4491,6531,3921,2636,570,3895
2012/9/13,外資及陸資,61110,27098,58523,29793,2587,-2695,326847,56155,350275,46756,-23428,9399
2012/9/14,自營商,485982,43023,441697,45237,44285,-2214,278399,22415,336239,20050,-57840,2365
2012/9/14,投信,343,399,78,103,265,296,4564,6714,3729,2436,835,4278
2012/9/14,外資及陸資,118305,50967,103340,50825,14965,142,364945,63000,374410,53104,-9465,9895
2012/9/17,自營商,267269,24943,250355,21672,16914,3271,302003,24394,342998,18754,-40995,5640
2012/9/17,投信,1404,2128,1407,2128,-3,0,4540,6687,3708,2401,832,4286
2012/9/17,外資及陸資,61855,53419,80235,59821,-18380,-6402,366028,66054,393819,62636,-27791,3418
2012/9/18,自營商,277389,29106,229599,34790,47790,-5684,329869,21358,323425,21409,6444,-51
2012/9/18,投信,3253,4828,2486,3706,767,1122,4829,7066,3230,1656,1599,5410
2012/9/18,外資及陸資,92177,65856,95414,58501,-3237,7355,387965,80085,419299,69304,-31334,10781
2012/9/19,自營商,280933,34828,260510,35405,20423,-577,100484,9056,122640,12873,-22156,-3817
2012/9/19,投信,1725,2451,1617,2139,108,312,4668,6914,921,1199,3747,5715
2012/9/19,外資及陸資,63438,37836,66135,42248,-2697,-4412,183416,56578,213020,48224,-29604,8354
2012/9/20,自營商,165174,22653,166729,23249,-1555,-596,126951,9173,150653,13575,-23702,-4402
2012/9/20,投信,73,113,231,358,-158,-245,4611,6791,1002,1318,3609,5473
2012/9/20,外資及陸資,50215,27848,51126,29101,-911,-1253,198384,56008,228233,48956,-29849,7052
2012/9/21,自營商,120731,14789,128659,13759,-7928,1030,137650,10560,169280,13923,-31630,-3363
2012/9/21,投信,0,0,37,56,-37,-56,4585,6763,1013,1337,3572,5425
2012/9/21,外資及陸資,40408,22776,36515,24340,3893,-1564,211243,57337,237289,51856,-26046,5481
2012/9/24,自營商,212118,35738,204297,34592,7821,1146,160012,11570,183871,13835,-23859,-2265
2012/9/24,投信,128,199,191,294,-63,-95,4557,6731,1048,1394,3509,5337
2012/9/24,外資及陸資,63851,39724,55893,36191,7958,3533,220563,60294,238523,51192,-17960,9102
2012/9/25,自營商,127684,19544,140463,19453,-12779,91,166080,12383,202718,14555,-36638,-2172
2012/9/25,投信,42,65,106,165,-64,-100,4526,6666,1081,1441,3445,5225
2012/9/25,外資及陸資,43407,19770,45819,25099,-2412,-5329,231456,58994,251126,55240,-19670,3754
2012/9/26,自營商,179471,24567,192790,25465,-13319,-898,174046,12643,224003,15707,-49957,-3064
2012/9/26,投信,109,162,213,328,-104,-166,4387,6404,1046,1382,3341,5021
2012/9/26,外資及陸資,43190,17914,52390,18975,-9200,-1061,241228,59336,269720,56666,-28492,2669
2012/9/27,自營商,137252,20065,141343,17873,-4091,2192,181765,13992,235813,14914,-54048,-922
2012/9/27,投信,145,206,290,447,-145,-241,4381,6418,1185,1620,3196,4798
2012/9/27,外資及陸資,42925,22432,37026,21323,5899,1109,252162,60201,275220,56345,-23058,3856
2012/9/28,自營商,209115,29602,213669,28994,-4554,608,197319,14513,255921,14845,-58602,-332
2012/9/28,投信,65,100,165,113,-100,-13,4352,6366,1256,1586,3096,4780
2012/9/28,外資及陸資,49335,29821,44904,32241,4431,-2420,259780,56839,277741,55403,-17961,1435
2012/10/1,自營商,142945,15560,141380,16918,1565,-1358,212196,14540,269227,16212,-57031,-1672
2012/10/1,投信,150,219,268,128,-118,91,4335,6311,1357,1463,2978,4849
2012/10/1,外資及陸資,34017,15119,34959,13875,-942,1244,270722,59652,289160,56993,-18438,2659
2012/10/2,自營商,166590,23567,164798,21513,1792,2054,220879,15558,276106,15169,-55227,390
2012/10/2,投信,146,217,105,20,41,197,4432,6499,1413,1425,3019,5073
2012/10/2,外資及陸資,33080,19468,35252,17143,-2172,2325,272775,59639,294036,54672,-21261,4966
2012/10/3,自營商,161916,21631,172092,23031,-10176,-1400,225221,15719,290624,16712,-65403,-993
2012/10/3,投信,1,2,141,75,-140,-73,4420,6460,1541,1477,2879,4984
2012/10/3,外資及陸資,26785,11922,36536,16883,-9751,-4961,272574,56504,302728,56506,-30154,-3
2012/10/4,自營商,248838,38126,273305,37517,-24467,609,234996,16078,324866,16508,-89870,-430
2012/10/4,投信,91,122,155,237,-64,-115,4381,6403,1566,1533,2815,4871
2012/10/4,外資及陸資,44995,30464,55685,33520,-10690,-3056,274775,56723,315017,59760,-40242,-3037
2012/10/5,自營商,181131,22790,174165,21671,6966,1119,248537,16238,331171,15539,-82634,699
2012/10/5,投信,38,59,47,73,-9,-14,4346,6346,1540,1491,2806,4854
2012/10/5,外資及陸資,32875,22585,39039,24525,-6164,-1940,274682,53896,320677,58894,-45995,-4998
2012/10/8,自營商,253813,29236,257130,30944,-3317,-1708,251138,15274,336855,16261,-85717,-987
2012/10/8,投信,187,249,189,288,-2,-39,4238,6118,1434,1351,2804,4767
2012/10/8,外資及陸資,43756,29482,46257,31822,-2501,-2340,275977,52514,323522,59803,-47545,-7289
2012/10/9,自營商,259528,23587,260566,25804,-1038,-2217,250432,14546,337118,17788,-86686,-3242
2012/10/9,投信,70,107,204,311,-134,-204,4188,6018,1518,1473,2670,4545
2012/10/9,外資及陸資,61240,34096,62012,36178,-772,-2082,272013,51581,319811,60870,-47798,-9290
2012/10/11,自營商,366237,36294,412830,32189,-46593,4105,247460,19291,380361,18455,-132901,836
2012/10/11,投信,834,560,346,517,488,43,4176,5880,1018,1383,3158,4497
2012/10/11,外資及陸資,89233,40338,106040,50668,-16807,-10330,278444,43414,342632,62764,-64188,-19350
2012/10/12,自營商,336074,34067,367859,29502,-31785,4565,259468,23381,424058,17982,-164590,5399
2012/10/12,投信,118,176,202,300,-84,-124,4196,5885,1122,1532,3074,4353
2012/10/12,外資及陸資,86093,42694,78082,43168,8011,-474,286998,39464,343173,59189,-56175,-19725
2012/10/15,自營商,273857,21925,272898,23164,959,-1239,264943,22207,429864,18030,-164921,4177
2012/10/15,投信,48,71,44,65,4,6,4198,5897,1120,1531,3078,4366
2012/10/15,外資及陸資,85435,57534,75512,54429,9923,3105,309967,47401,356366,64049,-46399,-16647
2012/10/16,自營商,213025,25763,208861,21572,4164,4191,280619,27277,440728,18855,-160109,8422
2012/10/16,投信,2949,4234,2922,4198,27,36,4189,5903,1084,1482,3105,4420
2012/10/16,外資及陸資,80368,49773,78366,55014,2002,-5241,321680,41287,367913,63282,-46233,-21995
2012/10/17,自營商,276522,35395,283171,38632,-6649,-3237,102871,8976,132453,12824,-29582,-3848
2012/10/17,投信,2370,3310,2284,3018,86,292,4269,6010,1065,1304,3204,4706
2012/10/17,外資及陸資,77518,39815,83732,45187,-6214,-5372,211020,32246,250310,46313,-39290,-14067
2012/10/18,自營商,116842,10939,116185,11411,657,-472,128691,9009,157598,13339,-28907,-4330
2012/10/18,投信,58,87,37,55,21,32,4270,6027,1045,1277,3225,4750
2012/10/18,外資及陸資,46169,23564,37298,20833,8871,2731,228084,35045,258477,46421,-30393,-11376
2012/10/19,自營商,147480,22316,158017,23579,-10537,-1263,137820,9886,177249,15430,-39429,-5544
2012/10/19,投信,119,176,81,120,38,56,4277,5984,1014,1220,3263,4764
2012/10/19,外資及陸資,42427,21758,47344,27829,-4917,-6071,235169,32068,269847,49412,-34678,-17344
2012/10/22,自營商,172264,17810,187809,17306,-15545,504,143583,10202,198377,15208,-54794,-5005
2012/10/22,投信,268,209,174,254,94,-45,4237,5893,880,1201,3357,4692
2012/10/22,外資及陸資,63075,32071,48717,27411,14358,4660,249243,33679,269914,46263,-20671,-12584
2012/10/23,自營商,135267,16530,137258,15031,-1991,1499,158971,10757,215639,14239,-56668,-3483
2012/10/23,投信,128,171,2342,3394,-2214,-3223,2059,2692,916,1246,1143,1447
2012/10/23,外資及陸資,51361,20087,53188,24722,-1827,-4635,265989,31124,287410,48251,-21421,-17127
2012/10/24,自營商,229322,23373,234913,24935,-5591,-1562,167608,10075,229837,15095,-62229,-5020
2012/10/24,投信,68,99,239,130,-171,-31,2057,2691,1085,1274,972,1417
2012/10/24,外資及陸資,76971,39152,75609,35555,1362,3597,286625,35184,308028,48707,-21403,-13523
2012/10/25,自營商,161817,15693,163107,14099,-1290,1594,177416,10574,240800,13991,-63384,-3416
2012/10/25,投信,67,97,101,147,-34,-50,2061,2678,1123,1321,938,1357
2012/10/25,外資及陸資,49481,25547,50854,30312,-1373,-4765,292882,31829,314692,49948,-21810,-18119
2012/10/26,自營商,418615,36413,441529,35445,-22914,968,189765,12474,275997,14861,-86232,-2386
2012/10/26,投信,224,312,406,353,-182,-41,2036,2581,1280,1299,756,1283
2012/10/26,外資及陸資,106304,46394,104888,48382,1416,-1988,311205,36588,330723,56117,-19518,-19529
2012/10/29,自營商,278520,19463,278747,21598,-227,-2135,214315,11637,300774,16203,-86459,-4567
2012/10/29,投信,82,117,43,47,39,70,2022,2585,1227,1228,795,1357
2012/10/29,外資及陸資,92007,39604,79630,30721,12377,8883,322793,44135,330753,54813,-7960,-10678
2012/10/30,自營商,266212,28055,265782,27416,430,639,226825,12234,312842,16239,-86017,-4004
2012/10/30,投信,103,148,28,40,75,108,2069,2668,1199,1195,870,1473
2012/10/30,外資及陸資,67169,36514,72486,37709,-5317,-1195,330728,42757,344197,54643,-13469,-11887
2012/10/31,自營商,220787,23252,227211,21932,-6424,1320,236678,13251,329080,15885,-92402,-2635
2012/10/31,投信,92,132,182,137,-90,-5,2117,2730,1337,1268,780,1462
2012/10/31,外資及陸資,47074,24929,45649,30815,1425,-5886,335078,38117,346501,55859,-11423,-17742
2012/11/1,自營商,442453,45711,480940,42359,-38487,3352,238220,13949,369004,13185,-130784,764
2012/11/1,投信,589,299,322,212,267,87,2131,2763,1084,1206,1047,1556
2012/11/1,外資及陸資,95389,46553,126904,47122,-31515,-569,336635,37486,379726,55858,-43091,-18372
2012/11/2,自營商,223555,18492,214811,15711,8744,2781,252248,15892,374288,12388,-122040,3504
2012/11/2,投信,286,412,59,40,227,372,2187,2855,913,920,1274,1936
2012/11/2,外資及陸資,53619,26332,54973,25527,-1354,805,342067,37892,386977,55525,-44910,-17633
2012/11/5,自營商,208331,24108,224126,23851,-15795,257,262686,16852,400740,13119,-138054,3733
2012/11/5,投信,60,86,93,70,-33,16,2228,2906,987,960,1241,1946
2012/11/5,外資及陸資,50643,28969,55327,28023,-4684,946,346900,39095,396251,55720,-49351,-16625
2012/11/6,自營商,203515,21559,196455,21230,7060,329,278956,17295,409950,13167,-130994,4128
2012/11/6,投信,136,196,48,69,88,127,2297,3036,968,943,1329,2093
2012/11/6,外資及陸資,60051,27318,63172,26892,-3121,426,353566,39938,406806,56335,-53240,-16397
2012/11/7,自營商,355026,38788,355985,35833,-959,2955,281160,20300,412936,13175,-131776,7125
2012/11/7,投信,33,48,43,62,-10,-14,2284,3019,965,939,1319,2080
2012/11/7,外資及陸資,107276,55188,100553,57918,6723,-2730,366281,37928,412107,57133,-45826,-19205
2012/11/8,自營商,255465,21587,245536,22671,9929,-1084,304938,20132,426785,14083,-121847,6048
2012/11/8,投信,66,95,130,180,-64,-85,2329,3060,1074,1082,1255,1978
2012/11/8,外資及陸資,69904,37999,74883,33143,-4979,4856,372547,42043,423331,56212,-50784,-14169
2012/11/9,自營商,412750,36232,414007,31124,-1257,5108,312130,25002,435231,13705,-123101,11298
2012/11/9,投信,113,164,74,106,39,58,2327,3094,1033,1035,1294,2058
2012/11/9,外資及陸資,105619,53176,81721,48217,23898,4959,392960,48048,420398,57407,-27438,-9358
2012/11/12,自營商,231453,16596,236198,19257,-4745,-2661,304704,22014,432376,13345,-127672,8669
2012/11/12,投信,35,51,13,16,22,35,2341,3096,1025,1014,1316,2082
2012/11/12,外資及陸資,61249,31002,71714,36758,-10465,-5756,391898,45419,429314,60509,-37416,-15090
2012/11/13,自營商,455821,38187,493559,39087,-37738,-900,299409,22596,464492,14967,-165083,7629
2012/11/13,投信,100,114,407,580,-307,-466,2167,2785,1158,1209,1009,1576
2012/11/13,外資及陸資,98400,44049,101304,50692,-2904,-6643,402068,46553,440705,67787,-38637,-21234
2012/11/14,自營商,367566,20636,357475,24237,10091,-3601,342076,21863,497068,17751,-154992,4112
2012/11/14,投信,192,209,219,288,-27,-79,2175,2746,1193,1242,982,1505
2012/11/14,外資及陸資,86649,44839,58285,34194,28364,10645,415415,47660,426901,58385,-11486,-10726
2012/11/15,自營商,466475,38640,477198,39264,-10723,-624,339663,21836,505720,18345,-166057,3491
2012/11/15,投信,66,94,440,618,-374,-524,2135,2686,1527,1710,608,976
2012/11/15,外資及陸資,86143,46463,88496,45394,-2353,1069,417159,50035,431091,59695,-13932,-9659
2012/11/16,自營商,410776,33796,424606,32693,-13830,1103,352717,23404,531641,18800,-178924,4604
2012/11/16,投信,162,231,282,401,-120,-170,2165,2724,1677,1919,488,804
2012/11/16,外資及陸資,89717,41610,87894,46234,1823,-4624,421605,46706,433360,61014,-11755,-14309
2012/11/19,自營商,322403,26446,319904,25481,2499,965,342759,20954,519307,15360,-176548,5594
2012/11/19,投信,771,800,738,972,33,-172,2128,2674,1607,2040,521,634
2012/11/19,外資及陸資,92086,55528,91436,57706,650,-2178,421988,43101,433345,59624,-11357,-16523
2012/11/20,自營商,312502,23297,287373,23820,25129,-523,354611,21247,505820,16122,-151209,5125
2012/11/20,投信,1149,1579,1123,1545,26,34,2146,2708,1599,2037,547,671
2012/11/20,外資及陸資,83082,51631,90788,50367,-7706,1264,428687,41818,447456,57159,-18769,-15342
2012/11/21,自營商,434702,47479,472803,52102,-38101,-4623,120602,9327,166075,9651,-45473,-325
2012/11/21,投信,1395,1766,1668,2126,-273,-360,1926,2486,1653,2220,273,266
2012/11/21,外資及陸資,108958,57892,111124,57128,-2166,764,295184,34335,298830,43430,-3646,-9096
2012/11/22,自營商,154419,15982,157486,17036,-3067,-1054,126101,8734,174794,10108,-48693,-1374
2012/11/22,投信,41,53,399,212,-358,-159,1932,2509,2017,2400,-85,109
2012/11/22,外資及陸資,59593,27385,42313,22325,17280,5060,308734,36367,295610,40482,13124,-4115
2012/11/23,自營商,427018,34365,402401,34575,24617,-210,180689,10727,205284,12332,-24595,-1605
2012/11/23,投信,1465,1412,87,111,1378,1301,2686,2988,1396,1560,1290,1428
2012/11/23,外資及陸資,157467,49449,100586,39937,56881,9512,367454,50957,299369,45468,68085,5488
2012/11/26,自營商,308825,19868,315207,16071,-6382,3797,215696,12784,246673,10611,-30977,2173
2012/11/26,投信,156,230,305,2,-149,228,2395,3035,1254,1365,1141,1670
2012/11/26,外資及陸資,64211,24379,74238,30854,-10027,-6475,365894,46800,307896,47744,57998,-945
2012/11/27,自營商,257534,18893,239137,18961,18397,-68,237585,12994,250189,10912,-12604,2082
2012/11/27,投信,139,139,177,52,-38,87,2468,3097,1365,1332,1103,1765
2012/11/27,外資及陸資,65000,33122,56057,28872,8943,4250,379010,50950,312416,47588,66594,3361
2012/11/28,自營商,218856,14911,218685,16940,171,-2029,198332,12708,228194,12617,-29862,91
2012/11/28,投信,27,40,148,93,-121,-53,2461,3091,1479,1377,982,1714
2012/11/28,外資及陸資,49462,25967,44211,22895,5251,3072,381648,53552,308478,47171,73170,6381
2012/11/29,自營商,349829,26669,319316,28546,30513,-1877,238821,12010,238614,13823,207,-1813
2012/11/29,投信,153,230,95,130,58,100,2451,3115,1411,1280,1040,1836
2012/11/29,外資及陸資,88606,45147,71703,34636,16903,10511,398390,65894,309495,48787,88895,17107
2012/11/30,自營商,342989,26426,336353,25510,6636,916,267939,13351,261195,14242,6744,-891
2012/11/30,投信,66,100,258,128,-192,-28,2241,3089,1393,1264,848,1825
2012/11/30,外資及陸資,84402,42902,85372,41385,-970,1517,411324,70809,324064,51951,87260,18858
2012/12/3,自營商,327318,29576,331144,28288,-3826,1288,282962,14027,280050,13634,2912,393
2012/12/3,投信,202,56,221,75,-19,-19,2192,3019,1363,1211,829,1808
2012/12/3,外資及陸資,72700,38168,81744,43153,-9044,-4985,414473,70502,336110,56631,78363,13871
2012/12/4,自營商,246040,20405,254800,18381,-8760,2024,290261,15120,296055,12687,-5794,2433
2012/12/4,投信,30,46,83,126,-53,-80,2139,2937,1363,1211,776,1726
2012/12/4,外資及陸資,55858,30378,66439,34340,-10581,-3962,406977,65114,339064,55309,67913,9804
2012/12/5,自營商,381029,34539,361695,34371,19334,168,279722,17716,290012,15087,-10290,2629
2012/12/5,投信,12,18,103,113,-91,-95,2057,2866,1372,1222,685,1644
2012/12/5,外資及陸資,80547,37119,83625,34850,-3078,2269,415671,69172,350820,56905,64851,12266
2012/12/6,自營商,213813,19705,208125,18672,5688,1033,292109,18727,296717,15078,-4608,3649
2012/12/6,投信,1,2,34,34,-33,-32,2042,2839,1390,1229,652,1609
2012/12/6,外資及陸資,58350,28705,59835,28651,-1485,54,423117,69848,359637,57531,63480,12317
2012/12/7,自營商,240309,22138,228699,21684,11610,454,315266,18542,308285,14448,6981,4094
2012/12/7,投信,30,46,35,54,-5,-8,2007,2792,1360,1187,647,1606
2012/12/7,外資及陸資,61232,27082,66824,27358,-5592,-276,429305,69194,371291,57053,58014,12141
2012/12/10,自營商,272069,29680,272371,29443,-302,237,323883,19225,317066,14859,6817,4366
2012/12/10,投信,0,0,47,72,-47,-72,1988,2750,1388,1224,600,1527
2012/12/10,外資及陸資,52092,28016,59137,28408,-7045,-392,428072,69242,377014,57667,51058,11575
2012/12/11,自營商,272254,26428,274319,27994,-2065,-1566,326013,17905,321417,15119,4596,2786
2012/12/11,投信,31,47,85,129,-54,-82,1938,2679,1392,1232,546,1447
2012/12/11,外資及陸資,63209,29999,54832,27020,8377,2979,438092,71981,378636,57351,59456,14630
2012/12/12,自營商,354796,32658,335549,33234,19247,-576,317165,19642,304133,17417,13032,2225
2012/12/12,投信,81,125,39,60,42,65,1972,2751,1384,1229,588,1522
2012/12/12,外資及陸資,74647,33335,91286,33956,-16639,-621,433977,73786,388443,59644,45534,14142
2012/12/13,自營商,370923,32443,362768,28807,8155,3636,351225,23119,330068,17238,21157,5881
2012/12/13,投信,80,117,107,153,-27,-36,1995,2815,1434,1313,561,1501
2012/12/13,外資及陸資,64558,27354,70726,32210,-6168,-4856,441639,71030,402384,61473,39255,9557
2012/12/14,自營商,306344,30394,327879,32551,-21535,-2157,357136,23035,357517,19310,-381,3725
2012/12/14,投信,4,6,204,315,-200,-309,1947,2715,1586,1536,361,1180
2012/12/14,外資及陸資,64231,35260,74878,43253,-10647,-7993,447970,65760,418650,64378,29320,1382
2012/12/17,自營商,410429,37221,435697,38540,-25268,-1319,349577,22812,374452,20422,-24875,2391
2012/12/17,投信,242,279,349,448,-107,-169,1865,2570,1611,1568,254,1002
2012/12/17,外資及陸資,102870,70158,101259,71919,1611,-1761,461019,69666,429899,70109,31120,-443
2012/12/18,自營商,256232,19570,253908,20403,2324,-833,359926,21816,381847,20241,-21921,1576
2012/12/18,投信,1469,2079,1630,2320,-161,-241,1754,2401,1661,1640,93,762
2012/12/18,外資及陸資,97571,70454,95087,69402,2484,1052,481623,75542,448088,74986,33535,556
2012/12/19,自營商,278794,31584,267628,36322,11166,-4738,105052,9288,126320,13396,-21268,-4108
2012/12/19,投信,1078,1472,1032,1539,46,-67,1697,2318,1163,1613,534,705
2012/12/19,外資及陸資,89737,54253,84195,53810,5542,443,214261,53672,227219,49833,-12958,3839
2012/12/20,自營商,177135,24235,184635,23595,-7500,640,119760,9012,148519,12357,-28759,-3345
2012/12/20,投信,0,0,236,241,-236,-241,1672,2249,1374,1793,298,456
2012/12/20,外資及陸資,45976,24771,54342,30379,-8366,-5608,214940,48361,235844,50242,-20904,-1881
2012/12/21,自營商,279258,32278,278120,32431,1138,-153,143458,8992,170863,12442,-27405,-3449
2012/12/21,投信,180,269,890,573,-710,-304,1792,2409,2204,2259,-412,149
2012/12/21,外資及陸資,84615,43313,94069,43259,-9454,54,226357,52175,256517,54029,-30160,-1854
2012/12/22,自營商,101459,8934,104430,8282,-2971,652,147202,9147,177713,11955,-30511,-2808
2012/12/22,投信,51,77,32,48,19,29,1811,2449,2204,2270,-393,179
2012/12/22,外資及陸資,11756,2179,12021,2275,-265,-96,232119,51972,262637,53908,-30518,-1935
2012/12/24,自營商,144494,12896,140808,14794,3686,-1898,157900,9085,184752,13802,-26852,-4717
2012/12/24,投信,86,130,28,38,58,92,1832,2478,2167,2208,-335,271
2012/12/24,外資及陸資,40747,19157,36752,16147,3995,3010,241267,53242,267739,52157,-26472,1085
2012/12/25,自營商,275640,33863,269958,29563,5682,4300,172725,12145,193856,12634,-21131,-489
2012/12/25,投信,385,553,92,140,293,413,1996,2745,2038,2053,-42,691
2012/12/25,外資及陸資,38352,17123,50865,21128,-12513,-4005,242706,53173,282000,55954,-39294,-2781
2012/12/26,自營商,198540,17202,202970,17068,-4430,134,154929,12125,177169,12474,-22240,-349
2012/12/26,投信,82,123,24,37,58,86,2007,2745,1991,1971,16,774
2012/12/26,外資及陸資,37880,18317,44947,23110,-7067,-4793,239088,50625,286497,58206,-47409,-7581
2012/12/27,自營商,200510,24036,200691,24712,-181,-676,165249,12335,187544,13325,-22295,-990
2012/12/27,投信,113,152,186,276,-73,-124,1869,2533,1926,1883,-57,649
2012/12/27,外資及陸資,46920,26450,50530,26007,-3610,443,247869,52256,298837,59451,-50968,-7195
2012/12/28,自營商,219444,19135,216514,18682,2930,453,178949,12705,198443,13242,-19494,-537
2012/12/28,投信,543,835,60,57,483,778,1854,2561,1428,1131,426,1430
2012/12/28,外資及陸資,60250,24292,53758,23897,6492,395,258502,53219,303155,60052,-44653,-6833
2013/1/2,自營商,318514,37047,305032,35358,13482,1689,193980,15824,206198,14723,-12218,1101
2013/1/2,投信,77,112,88,136,-11,-24,1809,2523,1394,1100,415,1423
2013/1/2,外資及陸資,78030,32179,62817,28069,15213,4110,270540,55629,299816,58316,-29276,-2687
2013/1/3,自營商,230509,22906,217629,17391,12880,5515,220142,18919,219456,12342,686,6577
2013/1/3,投信,41,64,27,42,14,22,1805,2533,1376,1079,429,1454
2013/1/3,外資及陸資,54342,23710,68919,29871,-14577,-6161,274083,56063,318029,64831,-43946,-8768
2013/1/4,自營商,221333,26132,236568,25781,-15235,351,231167,19575,245575,12642,-14408,6932
2013/1/4,投信,21,20,82,125,-61,-105,1790,2483,1422,1144,368,1339
2013/1/4,外資及陸資,49363,29027,53530,29654,-4167,-627,273925,56617,321816,65953,-47891,-9336
2013/1/7,自營商,285088,31810,292679,30926,-7591,884,234284,20394,256073,12594,-21789,7801
2013/1/7,投信,176,203,187,289,-11,-86,1881,2543,1524,1296,357,1247
2013/1/7,外資及陸資,47860,26776,53522,28943,-5662,-2167,269667,54771,322950,66284,-53283,-11513
2013/1/8,自營商,294398,35567,308800,36446,-14402,-879,242191,20493,278385,13614,-36194,6879
2013/1/8,投信,138,210,312,480,-174,-270,1800,2406,1617,1434,183,971
2013/1/8,外資及陸資,62273,30071,73795,33614,-11522,-3543,268892,53373,333448,68383,-64556,-15010
2013/1/9,自營商,345120,33699,313758,37327,31362,-3628,247417,18164,244872,14895,2545,3269
2013/1/9,投信,82,127,29,45,53,82,1808,2427,1572,1370,236,1057
2013/1/9,外資及陸資,71355,40702,62058,30515,9297,10187,270526,60573,330086,65448,-59560,-4875
2013/1/10,自營商,407491,54215,398842,54062,8649,153,273994,19970,262836,16570,11158,3400
2013/1/10,投信,513,790,105,151,408,639,2005,2766,1361,1054,644,1712
2013/1/10,外資及陸資,93675,50367,90837,48111,2838,2256,282225,65087,339259,67694,-57034,-2607
2013/1/11,自營商,271937,30597,288813,30197,-16876,400,267482,18836,273089,15012,-5607,3824
2013/1/11,投信,16,25,100,153,-84,-128,1991,2737,1431,1159,560,1577
2013/1/11,外資及陸資,71504,54763,89372,65610,-17868,-10847,284716,62214,359431,75643,-74715,-13429
2013/1/14,自營商,392688,50881,387705,48218,4983,2663,281740,21869,282397,15346,-657,6523
2013/1/14,投信,537,784,717,1077,-180,-293,1852,2523,1472,1239,380,1284
2013/1/14,外資及陸資,100585,67641,98817,66119,1768,1522,297299,63664,370168,75611,-72869,-11948
2013/1/15,自營商,359654,42956,401599,44031,-41945,-1075,277872,21202,320840,15783,-42968,5419
2013/1/15,投信,983,1342,1256,1734,-273,-392,1804,2420,1697,1542,107,878
2013/1/15,外資及陸資,100787,70954,103831,74102,-3044,-3148,302873,61938,378243,76950,-75370,-15012
2013/1/16,自營商,354820,47902,355915,49634,-1095,-1732,113409,10691,122406,11188,-8997,-497
2013/1/16,投信,721,830,662,832,59,-2,1724,2351,1104,1442,620,909
2013/1/16,外資及陸資,85880,58239,84831,55862,1049,2377,195917,47756,240258,55081,-44341,-7325
2013/1/17,自營商,359339,51758,376919,53138,-17580,-1380,139060,10185,166018,11995,-26958,-1809
2013/1/17,投信,178,268,587,875,-409,-607,1742,2359,1531,2065,211,294
2013/1/17,外資及陸資,125890,52494,110166,48326,15724,4168,228914,54358,257903,57518,-28989,-3160
2013/1/18,自營商,246760,27773,237483,23359,9277,4414,159683,12858,177799,10281,-18116,2577
2013/1/18,投信,196,288,43,66,153,222,1745,2391,1177,1556,568,835
2013/1/18,外資及陸資,77008,35495,70758,36757,6250,-1262,244307,53685,267418,58128,-23111,-4443
2013/1/21,自營商,227379,30798,231232,30788,-3853,10,180332,13373,202172,10791,-21840,2582
2013/1/21,投信,120,185,52,80,68,105,1745,2389,1109,1450,636,939
2013/1/21,外資及陸資,62345,37071,63939,37706,-1594,-635,244383,52231,268682,57266,-24299,-5035
2013/1/22,自營商,299484,38166,283054,37983,16430,183,205382,13360,210372,10597,-4990,2763
2013/1/22,投信,115,178,27,38,88,140,1762,2432,1038,1348,724,1084
2013/1/22,外資及陸資,73334,41903,65273,36749,8061,5154,255416,55971,272164,55867,-16748,104
2013/1/23,自營商,222145,24020,235476,24714,-13331,-694,164972,13466,184925,11392,-19953,2074
2013/1/23,投信,131,166,40,62,91,104,1829,2528,1014,1344,815,1184
2013/1/23,外資及陸資,54418,24734,67529,32050,-13111,-7316,253431,50955,284171,58156,-30740,-7201
2013/1/24,自營商,286500,43567,301442,42934,-14942,633,185579,14846,220384,12134,-34805,2712
2013/1/24,投信,32,41,271,415,-239,-374,1746,2387,1170,1585,576,803
2013/1/24,外資及陸資,89782,49181,98293,49826,-8511,-645,258433,49432,297135,57309,-38702,-7877
2013/1/25,自營商,203220,31287,231341,29359,-28121,1928,191326,16969,254156,12305,-62830,4664
2013/1/25,投信,54,83,210,235,-156,-152,1732,2356,1312,1710,420,646
2013/1/25,外資及陸資,61534,37523,71868,43357,-10334,-5834,256791,45456,305287,59174,-48496,-13718
2013/1/28,自營商,281356,35797,251696,35361,29660,436,217263,16862,250517,11795,-33254,5067
2013/1/28,投信,37,57,51,58,-14,-1,1735,2384,1329,1733,406,651
2013/1/28,外資及陸資,74144,45644,67406,36625,6738,9019,262807,50477,305339,55229,-42532,-4752
2013/1/29,自營商,372737,40009,342053,41371,30684,-1362,258458,21087,261082,17386,-2624,3701
2013/1/29,投信,308,477,1835,52,-1527,425,1929,2711,3050,1626,-1121,1085
2013/1/29,外資及陸資,102918,40671,85751,32405,17167,8266,287934,59125,314872,55563,-26938,3562
2013/1/30,自營商,332606,39276,322363,40918,10243,-1642,229837,18585,236698,16495,-6861,2090
2013/1/30,投信,229,353,2398,313,-2169,40,1909,2675,5199,1552,-3290,1122
2013/1/30,外資及陸資,76080,35403,82231,39586,-6151,-4183,284890,56723,317042,57389,-32152,-666
2013/1/31,自營商,246415,35117,240765,31952,5650,3165,250837,20631,252015,15402,-1178,5229
2013/1/31,投信,32,45,929,27,-897,18,1921,2710,6108,1561,-4187,1149
2013/1/31,外資及陸資,67268,34124,61043,29294,6225,4830,293803,61338,320156,57146,-26353,4192
2013/2/1,自營商,260714,33718,264669,33362,-3955,356,265825,22264,270724,16697,-4899,5567
2013/2/1,投信,35,55,132,39,-97,16,1897,2677,6181,1510,-4284,1167
2013/2/1,外資及陸資,63427,32675,69397,37245,-5970,-4570,296585,57923,328809,58280,-32224,-357
2013/2/4,自營商,325267,38388,313191,35458,12076,2930,289396,26184,282219,17719,7177,8466
2013/2/4,投信,272,356,101,144,171,212,1966,2747,6079,1354,-4113,1393
2013/2/4,外資及陸資,81440,33449,87598,37766,-6158,-4317,302044,58017,340501,62664,-38457,-4647
2013/2/5,自營商,237276,28458,270037,28906,-32761,-448,287534,26373,312389,18428,-24855,7944
2013/2/5,投信,214,336,2772,93,-2558,243,1956,2718,8627,1088,-6671,1630
2013/2/5,外資及陸資,60375,28217,74980,36172,-14605,-7955,305493,54398,357820,66942,-52327,-12544
2013/2/6,自營商,324450,30277,311948,30944,12502,-667,266073,26078,294118,18752,-28045,7327
2013/2/6,投信,27,25,577,186,-550,-161,1957,2721,9178,1250,-7221,1471
2013/2/6,外資及陸資,79123,31848,81861,31778,-2738,70,320268,55044,371874,67608,-51606,-12564
2013/2/18,自營商,266778,30610,258388,29678,8390,932,253827,25086,271527,16760,-17700,8327
2013/2/18,投信,155,169,224,264,-69,-95,1916,2668,9206,1281,-7290,1387
2013/2/18,外資及陸資,87482,71711,82132,65448,5350,6263,320988,64650,368990,71022,-48002,-6372
2013/2/19,自營商,193270,20306,181139,20152,12131,154,270267,26320,276208,17803,-5941,8517
2013/2/19,投信,1435,2062,1387,2007,48,55,1914,2672,9156,1225,-7242,1447
2013/2/19,外資及陸資,72148,68527,66104,64609,6044,3918,331765,69189,374083,71688,-42318,-2499
2013/2/20,自營商,283361,36180,249536,36500,33825,-320,109427,9093,106309,9961,3118,-868
2013/2/20,投信,1090,1419,809,1094,281,325,2059,2873,740,923,1319,1950
2013/2/20,外資及陸資,97407,66414,92842,61423,4565,4991,215440,54936,231665,48200,-16225,6736
2013/2/21,自營商,139452,18090,142493,20931,-3041,-2841,142090,9447,141809,13125,281,-3678
2013/2/21,投信,3,5,66,105,-63,-100,2047,2831,791,997,1256,1834
2013/2/21,外資及陸資,38315,22254,54547,24428,-16232,-2174,218385,54673,250353,50175,-31968,4499
2013/2/22,自營商,183503,28631,190338,27850,-6835,781,161231,10355,167695,13267,-6464,-2912
2013/2/22,投信,69,88,162,225,-93,-137,1958,2691,795,994,1163,1697
2013/2/22,外資及陸資,48698,28086,55531,29323,-6833,-1237,224505,56012,263387,52786,-38882,3226
2013/2/23,自營商,88634,9888,89220,8266,-586,1622,173982,11563,181029,12899,-7047,-1336
2013/2/23,投信,17,7,10,0,7,7,1958,2705,788,992,1170,1713
2013/2/23,外資及陸資,5870,2105,4407,2373,1463,-268,226846,55870,264265,52855,-37419,3016
2013/2/25,自營商,167595,22399,177905,22648,-10310,-249,182444,11400,199360,12948,-16916,-1548
2013/2/25,投信,52,83,59,94,-7,-11,1951,2677,788,986,1163,1691
2013/2/25,外資及陸資,37781,26790,59321,29403,-21540,-2613,229964,54417,288584,54088,-58620,329
2013/2/26,自營商,243245,23187,246059,26656,-2814,-3469,199524,9912,219323,14872,-19799,-4961
2013/2/26,投信,8,13,161,254,-153,-241,1896,2570,886,1133,1010,1437
2013/2/26,外資及陸資,60475,29821,70387,26379,-9912,3442,245752,56457,314233,52755,-68481,3702
2013/2/27,自營商,188740,15920,184074,16558,4666,-638,176544,9662,173303,15262,3241,-5600
2013/2/27,投信,0,0,30,47,-30,-47,1896,2569,916,1180,980,1390
2013/2/27,外資及陸資,40660,20098,38725,20940,1935,-842,236779,56317,287713,53470,-50934,2847
2013/3/1,自營商,137833,16109,142594,12808,-4761,3301,198851,11999,200398,14367,-1547,-2368
2013/3/1,投信,65,103,0,0,65,103,1897,2589,852,1087,1045,1503
2013/3/1,外資及陸資,41359,16509,44698,17647,-3339,-1138,243430,58484,297718,56716,-54288,1769
2013/3/4,自營商,239980,27381,260191,30511,-20211,-3130,212412,11768,233771,17152,-21359,-5384
2013/3/4,投信,66,104,256,397,-190,-293,1822,2442,967,1250,855,1192
2013/3/4,外資及陸資,61423,35116,89698,44860,-28275,-9744,247682,55583,329684,63602,-82002,-8020
2013/3/5,自營商,241199,25980,227881,22013,13318,3967,233535,14186,241636,15707,-8101,-1520
2013/3/5,投信,102,158,86,110,16,48,1819,2459,948,1209,871,1250
2013/3/5,外資及陸資,53877,33018,40354,21770,13523,11248,259755,60766,328735,57491,-68980,3276
2013/3/6,自營商,277056,33854,268057,32853,8999,1001,214940,14453,229683,15084,-14743,-631
2013/3/6,投信,291,456,35,56,256,400,1896,2591,781,957,1115,1634
2013/3/6,外資及陸資,64381,27823,60513,30607,3868,-2784,260594,57509,309246,56883,-48652,626
2013/3/7,自營商,171837,20637,175017,21835,-3180,-1198,232482,14026,250354,15800,-17872,-1774
2013/3/7,投信,28,45,73,113,-45,-68,1909,2611,839,1044,1070,1567
2013/3/7,外資及陸資,41297,29812,43043,25312,-1746,4500,262737,59002,313112,53996,-50375,5007
2013/3/8,自營商,245524,31763,223713,30288,21811,1475,251730,16635,247977,17019,3753,-384
2013/3/8,投信,165,195,59,95,106,100,1992,2704,816,1022,1176,1682
2013/3/8,外資及陸資,60841,32407,42304,25336,18537,7071,277222,64803,309327,52623,-32105,12180
2013/3/11,自營商,264004,30558,264140,26655,-136,3903,256289,18715,252657,15254,3632,3462
2013/3/11,投信,39,63,17,27,22,36,2013,2750,815,1024,1198,1725
2013/3/11,外資及陸資,60606,29945,61843,33051,-1237,-3106,277230,61732,310731,52559,-33501,9173
2013/3/12,自營商,262156,26701,280896,30696,-18740,-3995,266358,16058,281268,16565,-14910,-507
2013/3/12,投信,28,45,72,115,-44,-70,1999,2710,845,1067,1154,1643
2013/3/12,外資及陸資,56108,24631,51244,26909,4864,-2278,281349,59662,309835,52812,-28486,6850
2013/3/13,自營商,336587,40065,357104,37986,-20517,2079,233704,16153,259988,14614,-26284,1539
2013/3/13,投信,0,0,185,289,-185,-289,1866,2496,897,1142,969,1353
2013/3/13,外資及陸資,66274,37874,69076,40595,-2802,-2721,277766,59068,314833,54947,-37067,4120
2013/3/14,自營商,199119,28777,217093,29527,-17974,-750,248066,16673,292864,15862,-44798,811
2013/3/14,投信,60,95,203,310,-143,-215,1900,2538,1074,1405,826,1133
2013/3/14,外資及陸資,41060,28910,52070,35596,-11010,-6686,277458,57571,325235,60197,-47777,-2626
2013/3/15,自營商,306593,41156,321358,41123,-14765,33,253704,16559,313591,15696,-59887,863
2013/3/15,投信,0,0,175,276,-175,-276,1791,2353,1140,1502,651,851
2013/3/15,外資及陸資,59814,43344,66277,47744,-6463,-4400,278235,55307,332229,62307,-53994,-7000
2013/3/18,自營商,408512,42235,445632,45542,-37120,-3307,235093,17456,331500,19833,-96407,-2377
2013/3/18,投信,187,291,311,455,-124,-164,1786,2308,1274,1657,512,651
2013/3/18,外資及陸資,99271,71856,120680,73186,-21409,-1330,279818,55255,354597,63617,-74779,-8362
2013/3/19,自營商,282407,30046,282353,26939,54,3107,249672,21798,346208,21027,-96536,771
2013/3/19,投信,1632,2290,1650,2315,-18,-25,1772,2300,1278,1670,494,630
2013/3/19,外資及陸資,90203,75179,96307,74242,-6104,937,282593,53315,363572,60781,-80979,-7466
2013/3/20,自營商,324945,37376,326899,40966,-1954,-3590,99680,7864,125106,14630,-25426,-6766
2013/3/20,投信,894,1023,782,1048,112,-25,1773,2290,1201,1677,572,614
2013/3/20,外資及陸資,68590,45954,73107,44165,-4517,1789,161615,39366,182742,41816,-21127,-2450
2013/3/21,自營商,155397,16850,154872,18046,525,-1196,131008,8631,155864,16649,-24856,-8018
2013/3/21,投信,0,0,20,16,-20,-16,1773,2295,1221,1696,552,599
2013/3/21,外資及陸資,47575,25414,52613,25246,-5038,168,170045,40936,196198,43161,-26153,-2224
2013/3/22,自營商,165177,15481,166972,17574,-1795,-2093,155899,8985,182556,19057,-26657,-10072
2013/3/22,投信,74,69,55,80,19,-11,1813,2304,1242,1718,571,586
2013/3/22,外資及陸資,44449,23373,46333,19879,-1884,3494,179955,42951,208055,41697,-28100,1254
2013/3/25,自營商,173231,19733,157633,16393,15598,3340,172065,10121,183271,17000,-11206,-6879
2013/3/25,投信,161,247,26,25,135,222,1839,2368,1133,1554,706,814
2013/3/25,外資及陸資,39931,22341,40168,20221,-237,2120,186802,45244,215235,41821,-28433,3423
2013/3/26,自營商,153671,15829,160116,14864,-6445,965,184041,10956,201692,16838,-17651,-5882
2013/3/26,投信,2,3,7,11,-5,-8,1832,2353,1131,1548,701,805
2013/3/26,外資及陸資,40389,16984,56870,19568,-16481,-2584,197414,42962,242298,42164,-44884,798
2013/3/27,自營商,233757,24541,203765,24781,29992,-240,170963,12096,175321,18253,-4358,-6157
2013/3/27,投信,69,108,24,38,45,70,1830,2359,1084,1479,746,880
2013/3/27,外資及陸資,47438,28622,42863,24343,4575,4279,203452,46843,231510,41754,-28058,5090
2013/3/28,自營商,153294,18802,157499,20559,-4205,-1757,186426,10579,195073,18486,-8647,-7907
2013/3/28,投信,6,7,134,174,-128,-167,1836,2360,1218,1650,618,710
2013/3/28,外資及陸資,32954,21269,44122,21446,-11168,-177,206197,45985,245303,41073,-39106,4911
2013/3/29,自營商,235126,29407,213484,24121,21642,5286,203015,12977,190653,15702,12362,-2725
2013/3/29,投信,211,327,6,7,205,320,1942,2554,1119,1516,823,1038
2013/3/29,外資及陸資,57454,24727,44291,17336,13163,7391,228223,53366,254451,40893,-26228,12473
2013/4/1,自營商,129113,13899,130575,14792,-1462,-893,213759,13518,202967,17154,10792,-3636
2013/4/1,投信,62,98,64,101,-2,-3,2000,2642,1179,1610,821,1032
2013/4/1,外資及陸資,31188,15415,30449,17962,739,-2547,232713,54036,258136,44089,-25423,9946
2013/4/2,自營商,193836,25450,195381,26834,-1545,-1384,234263,14398,225007,19393,9256,-4995
2013/4/2,投信,5,8,126,199,-121,-191,1874,2436,1174,1599,700,837
2013/4/2,外資及陸資,49322,34635,47860,33680,1462,955,235179,56703,259131,45831,-23952,10872
2013/4/3,自營商,219346,24774,226419,19721,-7073,5053,214808,17885,220862,17852,-6054,32
2013/4/3,投信,2,1,30,31,-28,-30,1871,2440,1199,1629,672,811
2013/4/3,外資及陸資,56560,32662,62854,34018,-6294,-1356,231606,55922,257755,46358,-26149,9564
2013/4/8,自營商,408763,50667,498870,53852,-90107,-3185,207978,15588,303752,18486,-95774,-2899
2013/4/8,投信,79,123,561,849,-482,-726,1773,2227,1583,2157,190,70
2013/4/8,外資及陸資,98169,48267,142447,77689,-44278,-29422,217845,39006,287726,59120,-69881,-20114
2013/4/9,自營商,270804,26525,280578,27229,-9774,-704,223394,16043,328816,19593,-105422,-3550
2013/4/9,投信,79,122,150,59,-71,63,1780,2231,1661,2099,119,133
2013/4/9,外資及陸資,64693,36965,56085,35975,8608,990,228639,41355,289807,60456,-61168,-19101
2013/4/10,自營商,220556,18071,211268,16308,9288,1763,209253,17396,290696,19198,-81443,-1802
2013/4/10,投信,80,124,39,53,41,71,1751,2194,1591,1990,160,204
2013/4/10,外資及陸資,46810,28527,38622,26810,8188,1717,231307,43732,284799,61155,-53492,-17422
2013/4/11,自營商,281626,35637,240402,31613,41224,4024,238782,19983,279277,17796,-40495,2187
2013/4/11,投信,181,270,31,48,150,222,1766,2241,1456,1814,310,427
2013/4/11,外資及陸資,75105,44951,53567,31308,21538,13643,253213,55553,285386,59411,-32173,-3858
2013/4/12,自營商,174792,21686,178460,25100,-3668,-3414,251619,17667,295851,18858,-44232,-1191
2013/4/12,投信,78,118,23,36,55,82,1844,2350,1479,1843,365,507
2013/4/12,外資及陸資,47813,30769,48463,30468,-650,301,261659,55146,294443,58725,-32784,-3579
2013/4/15,自營商,289602,38251,279033,39845,10569,-1594,279875,18339,314159,21099,-34284,-2760
2013/4/15,投信,669,975,706,1035,-37,-60,1821,2300,1493,1856,328,444
2013/4/15,外資及陸資,112010,89531,101645,83643,10365,5888,284552,60673,307112,58384,-22560,2289
2013/4/16,自營商,336959,46643,351073,43681,-14114,2962,290654,22016,339028,21792,-48374,223
2013/4/16,投信,1530,2050,1282,1767,248,283,1863,2255,1287,1526,576,729
2013/4/16,外資及陸資,122957,103379,122526,106916,431,-3537,298283,56466,320535,57699,-22252,-1233
2013/4/17,自營商,282308,53140,268671,42870,13637,10270,139935,12652,136858,11274,3077,1378
2013/4/17,投信,913,1238,727,898,186,340,1668,2315,784,1133,884,1182
2013/4/17,外資及陸資,76576,52723,84921,58921,-8345,-6198,206259,43886,210003,43563,-3744,324
2013/4/18,自營商,231934,28172,222954,31850,8980,-3678,193524,12712,181467,14981,12057,-2269
2013/4/18,投信,122,189,301,158,-179,31,1683,2336,978,1124,705,1212
2013/4/18,外資及陸資,82464,50252,93130,42504,-10666,7748,227257,50885,241751,42861,-14494,8025
2013/4/19,自營商,415700,48883,378198,49399,37502,-516,236279,16986,186720,19823,49559,-2837
2013/4/19,投信,494,460,292,114,202,346,1790,2563,883,969,907,1594
2013/4/19,外資及陸資,135246,82474,112014,64685,23232,17789,260494,74798,252509,48248,7985,26550
2013/4/22,自營商,190131,20042,202919,22765,-12788,-2723,251364,16289,214584,21873,36780,-5584
2013/4/22,投信,13,19,101,2,-88,17,1792,2569,973,954,819,1614
2013/4/22,外資及陸資,54903,29144,59629,33514,-4726,-4370,260964,69267,257597,47014,3367,22253
2013/4/23,自營商,205194,24231,205953,24764,-759,-533,265054,15001,229015,21144,36039,-6143
2013/4/23,投信,27,43,39,31,-12,12,1814,2598,1007,977,807,1620
2013/4/23,外資及陸資,57426,34639,55404,37054,2022,-2415,269296,67209,263673,47496,5623,19714
2013/4/24,自營商,321921,39499,297865,33987,24056,5512,236260,17228,196731,17898,39529,-670
2013/4/24,投信,70,108,124,180,-54,-72,1837,2652,1084,1090,753,1562
2013/4/24,外資及陸資,78455,50480,80390,53625,-1935,-3145,260562,65395,257369,48573,3193,16822
2013/4/25,自營商,176162,22164,184561,20962,-8399,1202,252821,18708,221730,18169,31091,539
2013/4/25,投信,18,29,16,26,2,3,1834,2652,1079,1084,755,1568
2013/4/25,外資及陸資,56611,34342,48328,29955,8283,4387,274809,68457,263396,47170,11413,21287
2013/4/26,自營商,278540,31162,271125,33332,7415,-2170,282261,17734,243800,19377,38461,-1643
2013/4/26,投信,45,72,53,28,-8,44,1824,2635,1077,1025,747,1610
2013/4/26,外資及陸資,64048,41822,62718,38208,1330,3614,279344,71259,266622,46395,12722,24864
2013/4/29,自營商,158914,18330,154494,20970,4420,-2640,296132,16548,253272,20788,42860,-4240
2013/4/29,投信,5,8,11,9,-6,-1,1820,2637,1079,1023,741,1614
2013/4/29,外資及陸資,38595,31331,34514,23347,4081,7984,287345,80873,270779,47949,16566,32923
2013/4/30,自營商,289340,31451,276749,29064,12591,2387,318805,19000,263354,20865,55451,-1865
2013/4/30,投信,38,61,41,54,-3,7,1789,2612,1051,975,738,1637
2013/4/30,外資及陸資,60912,32076,69803,35057,-8891,-2981,284350,80185,276670,49811,7680,30374
2013/5/2,自營商,251120,22022,228449,21750,22671,272,283339,20212,228552,21840,54787,-1628
2013/5/2,投信,0,0,55,73,-55,-73,1747,2551,1064,983,683,1568
2013/5/2,外資及陸資,65312,31292,53569,24905,11743,6387,299641,87029,276389,50120,23252,36909
2013/5/3,自營商,246916,28172,258574,25972,-11658,2200,287367,19999,244145,19484,43222,514
2013/5/3,投信,0,0,120,33,-120,-33,1727,2525,1164,986,563,1539
2013/5/3,外資及陸資,65567,32352,70320,37738,-4753,-5386,309007,82480,290427,50751,18580,31729
2013/5/6,自營商,232828,24428,230205,23020,2623,1408,304216,20334,258311,18402,45905,1932
2013/5/6,投信,109,179,32,52,77,127,1723,2527,1083,857,640,1671
2013/5/6,外資及陸資,41647,32415,50386,34547,-8739,-2132,308506,79827,298488,50045,10018,29782
2013/5/7,自營商,208479,22285,221462,20784,-12983,1501,310819,21829,277897,18398,32922,3431
2013/5/7,投信,0,0,24,39,-24,-39,1699,2490,1083,857,616,1632
2013/5/7,外資及陸資,43907,31672,47274,27063,-3367,4609,312649,83159,306256,48701,6393,34458
2013/5/8,自營商,556408,54704,488223,56980,68185,-2276,321760,23867,260398,22700,61362,1167
2013/5/8,投信,56,92,110,181,-54,-89,1677,2482,1115,920,562,1562
2013/5/8,外資及陸資,133469,60575,122177,60844,11292,-269,342865,88368,322054,53467,20811,34901
2013/5/9,自營商,319419,57676,316962,56483,2457,1193,353546,23569,289727,21239,63819,2330
2013/5/9,投信,48,60,35,58,13,2,1645,2442,1070,870,575,1572
2013/5/9,外資及陸資,63685,43891,104710,50609,-41025,-6718,323809,88241,343771,59739,-19962,28501
2013/5/10,自營商,209635,28373,226347,23603,-16712,4770,365293,26334,318078,19257,47215,7077
2013/5/10,投信,0,0,35,57,-35,-57,1610,2384,1070,870,540,1514
2013/5/10,外資及陸資,51440,38075,55336,43417,-3896,-5342,325058,87390,348694,64267,-23636,23123
2013/5/13,自營商,293385,45348,312895,45467,-19510,-119,367366,27055,339742,20080,27624,6975
2013/5/13,投信,233,349,384,598,-151,-249,1589,2335,1200,1079,389,1256
2013/5/13,外資及陸資,89511,80792,87926,81932,1585,-1140,334300,87037,356217,65337,-21917,21699
2013/5/14,自營商,297419,45625,266503,48546,30916,-2921,384765,24442,325574,20368,59191,4074
2013/5/14,投信,866,1260,968,1428,-102,-168,1527,2237,1240,1147,287,1089
2013/5/14,外資及陸資,94433,96097,89549,93661,4884,2436,345578,94589,362591,70358,-17013,24231
2013/5/15,自營商,306559,50554,300682,43675,5877,6879,147326,9809,128861,10630,18465,-821
2013/5/15,投信,841,1305,846,1335,-5,-30,1393,2149,616,911,777,1237
2013/5/15,外資及陸資,81127,75357,87584,81985,-6457,-6628,232761,69824,234372,46285,-1611,23539
2013/5/16,自營商,307115,49186,339878,43575,-32763,5611,187353,17102,201681,12297,-14328,4806
2013/5/16,投信,65,109,66,111,-1,-2,1431,2242,655,990,776,1253
2013/5/16,外資及陸資,142688,54754,138125,61897,4563,-7143,263278,69180,260502,52248,2776,16932
2013/5/17,自營商,152696,16942,165032,20288,-12336,-3346,206531,14616,232985,13164,-26454,1452
2013/5/17,投信,1,2,14,24,-13,-22,1418,2215,655,987,763,1228
2013/5/17,外資及陸資,45869,26400,55363,31132,-9494,-4732,261199,64779,267680,52658,-6481,12121
2013/5/20,自營商,177770,26684,181013,24971,-3243,1713,216991,16054,246856,12844,-29865,3210
2013/5/20,投信,0,0,38,63,-38,-63,1386,2158,661,995,725,1162
2013/5/20,外資及陸資,49326,33173,61939,35493,-12613,-2320,257733,61718,276536,52060,-18803,9658
2013/5/21,自營商,288008,39504,260060,40266,27948,-762,241809,16057,243771,13626,-1962,2431
2013/5/21,投信,0,0,21,35,-21,-35,1367,2127,663,999,704,1127
2013/5/21,外資及陸資,66672,44387,71363,39427,-4691,4960,259035,66467,282670,51813,-23635,14653
2013/5/22,自營商,233802,30504,235076,30778,-1274,-274,213779,16850,215485,14712,-1706,2138
2013/5/22,投信,32,54,6,10,26,44,1393,2172,663,1000,730,1172
2013/5/22,外資及陸資,43574,26836,52963,34741,-9389,-7905,252495,59562,280037,52770,-27542,6791
2013/5/23,自營商,379621,55738,401157,55856,-21536,-118,230901,21210,254143,19220,-23242,1990
2013/5/23,投信,24,25,399,647,-375,-622,1264,1913,892,1369,372,544
2013/5/23,外資及陸資,94525,56324,116452,64409,-21927,-8085,251068,50994,300381,52677,-49313,-1683
2013/5/24,自營商,291711,33461,297254,34478,-5543,-1017,233371,19513,262429,18520,-29058,993
2013/5/24,投信,88,130,185,294,-97,-164,1255,1900,980,1520,275,379
2013/5/24,外資及陸資,74787,41680,89981,40407,-15194,1273,262062,51495,326680,51848,-64618,-353
2013/5/27,自營商,237509,28388,225230,25864,12279,2524,252339,18814,269169,15303,-16830,3511
2013/5/27,投信,54,89,23,38,31,51,1252,1904,946,1471,306,432
2013/5/27,外資及陸資,56025,41245,59556,35722,-3531,5523,269710,58853,337818,53559,-68108,5294
2013/5/28,自營商,162279,21549,155747,21925,6532,-376,264116,18992,274414,15846,-10298,3147
2013/5/28,投信,49,81,6,8,43,73,1263,1924,914,1418,349,506
2013/5/28,外資及陸資,38446,30097,43216,33435,-4770,-3338,266815,56234,339837,54306,-73022,1928
2013/5/29,自營商,295706,38836,263110,38902,32596,-66,247068,17958,230762,14863,16306,3095
2013/5/29,投信,277,460,7,12,270,448,1358,2095,750,1155,608,940
2013/5/29,外資及陸資,68060,46362,67333,39126,727,7236,267662,62836,340143,53535,-72481,9301
2013/5/30,自營商,252935,42803,288326,42180,-35391,623,256356,20290,275354,16587,-18998,3703
2013/5/30,投信,53,85,77,127,-24,-42,1327,2021,743,1132,584,889
2013/5/30,外資及陸資,70068,49037,85264,56862,-15196,-7825,262366,58343,349869,57084,-87503,1259
2013/5/31,自營商,294343,42624,316499,41109,-22156,1515,261363,21633,302427,16430,-41064,5203
2013/5/31,投信,30,50,54,78,-24,-28,1287,1962,727,1101,560,862
2013/5/31,外資及陸資,78688,49522,96296,58087,-17608,-8565,261490,54433,366610,61700,-105120,-7267
2013/6/3,自營商,319197,33321,303150,36787,16047,-3466,270803,18734,295823,16990,-25020,1744
2013/6/3,投信,57,92,214,348,-157,-256,1234,1863,831,1264,403,598
2013/6/3,外資及陸資,81687,52584,73398,39224,8289,13360,275398,64716,372259,58674,-96861,6042
2013/6/4,自營商,217548,30106,230062,28594,-12514,1512,271967,20208,309483,16959,-37516,3249
2013/6/4,投信,0,0,30,49,-30,-49,1234,1856,861,1309,373,547
2013/6/4,外資及陸資,45937,32548,54356,42798,-8419,-10250,274024,55608,378953,59841,-104929,-4233
2013/6/5,自營商,246654,26804,235068,30249,11586,-3445,260060,18778,271362,18990,-11302,-212
2013/6/5,投信,10,16,95,155,-85,-139,1226,1840,938,1432,288,408
2013/6/5,外資及陸資,56508,37282,48468,32217,8040,5065,276717,59953,373582,59161,-96865,792
2013/6/6,自營商,258452,40913,301266,39594,-42814,1319,259386,19636,313508,18529,-54122,1107
2013/6/6,投信,21,8,58,94,-37,-86,1219,1818,968,1498,251,320
2013/6/6,外資及陸資,74972,39938,96500,53756,-21528,-13818,276582,56116,394531,69241,-117949,-13126
2013/6/7,自營商,218093,29909,229960,31928,-11867,-2019,270093,18669,335968,19618,-65875,-949
2013/6/7,投信,125,145,66,87,59,58,1221,1815,911,1438,310,377
2013/6/7,外資及陸資,56154,38242,62697,39515,-6543,-1273,277660,51299,402071,65658,-124411,-14359
2013/6/10,自營商,235754,31078,213240,29979,22514,1099,283879,18365,327357,18221,-43478,145
2013/6/10,投信,124,192,15,22,109,170,1230,1836,811,1286,419,550
2013/6/10,外資及陸資,46604,33772,47506,31411,-902,2361,279926,53037,405191,65027,-125265,-11990
2013/6/11,自營商,183234,25122,193067,26871,-9833,-1749,291348,17461,344704,19063,-53356,-1603
2013/6/11,投信,151,243,34,55,117,188,1345,2015,809,1279,536,736
2013/6/11,外資及陸資,43331,35950,47622,35498,-4291,452,279707,54758,408954,66332,-129247,-11574
2013/6/13,自營商,396182,49792,471054,51592,-74872,-1800,264381,20502,365729,23813,-101348,-3310
2013/6/13,投信,90,124,419,617,-329,-493,1355,1979,1148,1749,207,230
2013/6/13,外資及陸資,103936,57292,115637,70807,-11701,-13515,275794,50192,423056,75367,-147262,-25175
2013/6/14,自營商,269232,28401,287204,31327,-17972,-2926,270530,18151,389817,24365,-119287,-6214
2013/6/14,投信,70,111,93,128,-23,-17,1330,1936,1146,1724,184,212
2013/6/14,外資及陸資,85926,46106,69044,45360,16882,746,292361,49128,422972,73453,-130611,-24324
2013/6/17,自營商,225977,27968,214165,26617,11812,1351,287436,17376,394920,22257,-107484,-4881
2013/6/17,投信,297,455,220,260,77,195,1330,1948,1069,1538,261,410
2013/6/17,外資及陸資,73436,60692,69525,55457,3911,5235,293072,48864,420006,67973,-126934,-19109
2013/6/18,自營商,292400,51570,281345,41103,11055,10467,295905,25246,392481,19656,-96576,5590
2013/6/18,投信,1039,1570,941,1386,98,184,1378,2018,1020,1423,358,594
2013/6/18,外資及陸資,97928,81216,100573,79179,-2645,2037,297385,45245,427087,62298,-129702,-17053
2013/6/19,自營商,279182,51272,268710,41424,10472,9848,110645,16231,136117,10301,-25472,5930
2013/6/19,投信,890,1319,697,1029,193,290,1367,1989,600,937,767,1053
2013/6/19,外資及陸資,94557,52299,89882,58047,4675,-5748,136697,24655,210553,42793,-73856,-18139
2013/6/20,自營商,238424,36990,265340,38622,-26916,-1632,134208,18340,186599,14158,-52391,4182
2013/6/20,投信,23,35,259,402,-236,-367,1284,1826,753,1158,531,668
2013/6/20,外資及陸資,75292,43093,93934,50574,-18642,-7481,146694,26459,238841,51890,-92147,-25431
2013/6/21,自營商,285431,40159,303135,46115,-17704,-5956,145655,12457,215750,14296,-70095,-1839
2013/6/21,投信,181,277,143,218,38,59,1328,1873,759,1153,569,720
2013/6/21,外資及陸資,89321,51727,128356,54586,-39035,-2859,158639,26860,289767,54983,-131128,-28123
2013/6/24,自營商,204739,32069,209992,28981,-5253,3088,166772,15415,242120,14186,-75348,1229
2013/6/24,投信,27,41,60,92,-33,-51,1331,1870,795,1204,536,666
2013/6/24,外資及陸資,62286,36778,75100,39805,-12814,-3027,162964,26600,306897,57674,-143933,-31074
2013/6/25,自營商,374168,55524,383877,59520,-9709,-3996,183241,13500,268340,16270,-85099,-2769
2013/6/25,投信,37,52,22,33,15,19,1368,1916,817,1233,551,682
2013/6/25,外資及陸資,114637,68794,119444,69543,-4807,-749,172742,28580,321317,60334,-148575,-31754
2013/6/26,自營商,292913,38245,279813,35437,13100,2808,155507,15326,228835,15328,-73328,-1
2013/6/26,投信,104,158,15,22,89,136,1391,1958,751,1137,640,821
2013/6/26,外資及陸資,96550,53444,85376,50963,11174,2481,163471,26588,290503,55894,-127032,-29306
2013/6/27,自營商,186146,29552,182140,25224,4006,4328,166762,18237,236084,13900,-69322,4337
2013/6/27,投信,242,370,6,0,236,370,1449,2064,573,866,876,1198
2013/6/27,外資及陸資,59075,36166,62274,36906,-3199,-740,165521,22630,296256,52865,-130735,-30234
2013/6/28,自營商,275354,40007,236523,43373,38831,-3366,192112,13215,222456,12100,-30344,1116
2013/6/28,投信,179,279,16,25,163,254,1574,2289,535,819,1039,1471
2013/6/28,外資及陸資,94203,64772,74219,46166,19984,18606,177259,32251,288964,44058,-111705,-11807
2013/7/1,自營商,252918,34135,258142,30855,-5224,3280,199108,16457,234679,12041,-35571,4416
2013/7/1,投信,211,308,6,9,205,299,1630,2376,386,591,1244,1785
2013/7/1,外資及陸資,66773,44010,76655,39902,-9882,4108,176760,35727,298470,43436,-121710,-7709
2013/7/2,自營商,159157,18563,162203,19199,-3046,-636,215334,16118,253951,12365,-38617,3754
2013/7/2,投信,406,633,0,0,406,633,1998,2950,348,531,1650,2419
2013/7/2,外資及陸資,46393,32447,49571,33612,-3178,-1165,177470,34882,302307,43705,-124837,-8823
2013/7/3,自營商,242233,31077,251817,35223,-9584,-4146,189907,14191,230778,14598,-40871,-408
2013/7/3,投信,44,66,87,136,-43,-70,1986,2893,379,573,1607,2320
2013/7/3,外資及陸資,66988,45143,75637,46828,-8649,-1685,168817,35566,303131,45981,-134314,-10414
2013/7/4,自營商,194388,27139,199731,27370,-5343,-231,210918,14145,257423,14783,-46505,-638
2013/7/4,投信,15,18,47,73,-32,-55,1993,2909,418,636,1575,2273
2013/7/4,外資及陸資,53905,36803,52784,36347,1121,456,172286,34907,305518,44859,-133232,-9952
2013/7/5,自營商,319076,43165,303464,42248,15612,917,247437,17138,278243,16873,-30806,266
2013/7/5,投信,221,348,95,150,126,198,2181,3251,480,745,1701,2506
2013/7/5,外資及陸資,85667,53098,87114,47433,-1447,5665,181410,38110,316410,42332,-135000,-4222
2013/7/8,自營商,314346,47697,369074,47574,-54728,123,234558,17752,320029,17272,-85471,480
2013/7/8,投信,13,14,125,189,-112,-175,2184,3194,595,905,1589,2289
2013/7/8,外資及陸資,79017,52711,93285,63935,-14268,-11224,180509,32796,329192,48291,-148683,-15495
2013/7/9,自營商,321020,43613,281398,39882,39622,3731,272072,21318,317987,17140,-45915,4178
2013/7/9,投信,54,85,67,105,-13,-20,2150,3177,574,882,1576,2295
2013/7/9,外資及陸資,79690,57721,66752,46503,12938,11218,187130,37829,323838,42133,-136708,-4304
2013/7/10,自營商,395674,51820,374159,52574,21515,-754,275006,21716,298692,18325,-23686,3391
2013/7/10,投信,127,202,50,80,77,122,2180,3239,527,811,1653,2428
2013/7/10,外資及陸資,90254,65536,84291,59122,5963,6414,192199,43677,320740,41591,-128541,2087
2013/7/11,自營商,437473,48745,383152,51490,54321,-2745,337263,23311,306694,22659,30569,652
2013/7/11,投信,308,500,6,10,302,490,2198,3350,243,368,1955,2982
2013/7/11,外資及陸資,107030,60255,106212,60841,818,-586,205287,48041,333659,46145,-128372,1895
2013/7/12,自營商,187800,21232,183143,18421,4657,2811,358545,25542,323319,22057,35226,3485
2013/7/12,投信,31,49,3,5,28,44,2207,3371,224,338,1983,3032
2013/7/12,外資及陸資,48439,38291,59888,42639,-11449,-4348,205027,46339,345001,48776,-139974,-2437
2013/7/15,自營商,300733,41504,319904,40397,-19171,1107,369261,26333,353440,21810,15821,4523
2013/7/15,投信,603,960,445,712,158,248,2305,3533,164,241,2141,3293
2013/7/15,外資及陸資,93865,75771,100067,78558,-6202,-2787,206696,47738,353004,52854,-146308,-5116
2013/7/16,自營商,194087,34099,232057,28949,-37970,5150,367791,33086,389908,23377,-22117,9709
2013/7/16,投信,1037,1578,796,1210,241,368,2547,3905,165,240,2382,3665
2013/7/16,外資及陸資,73671,76376,77721,80766,-4050,-4390,207168,44271,357496,53792,-150328,-9522
2013/7/17,自營商,239227,44921,218890,48382,20337,-3461,115001,14727,191452,17951,-76451,-3224
2013/7/17,投信,1042,1560,1162,1684,-120,-124,2502,3812,252,314,2250,3498
2013/7/17,外資及陸資,74458,58803,68513,53870,5945,4933,140679,38575,200948,38018,-60269,557
2013/7/18,自營商,187325,36597,201868,33594,-14543,3003,135227,18864,226296,19090,-91069,-227
2013/7/18,投信,10,12,326,404,-316,-392,2500,3785,566,698,1934,3087
2013/7/18,外資及陸資,63276,45336,70724,50480,-7448,-5144,145009,38978,212667,43552,-67658,-4574
2013/7/19,自營商,294174,45044,341183,48580,-47009,-3536,156215,19165,294458,22992,-138243,-3827
2013/7/19,投信,24,34,160,247,-136,-213,2430,3610,632,785,1798,2825
2013/7/19,外資及陸資,100807,63331,124316,71606,-23509,-8275,155696,37569,246313,50363,-90617,-12795
2013/7/22,自營商,181014,25549,176605,26801,4409,-1252,182458,17665,316310,22789,-133852,-5124
2013/7/22,投信,104,164,16,2,88,162,2474,3706,588,696,1886,3010
2013/7/22,外資及陸資,58529,46189,49792,38653,8737,7536,164536,46084,246866,51363,-82330,-5279
2013/7/23,自營商,311877,47125,315320,49513,-3443,-2388,206523,17001,343686,24637,-137163,-7635
2013/7/23,投信,135,211,0,0,135,211,2543,3864,522,602,2021,3262
2013/7/23,外資及陸資,82417,52077,80137,48912,2280,3165,171432,48543,251501,50580,-80069,-2037
2013/7/24,自營商,195552,24280,203958,24251,-8406,29,147008,17421,302162,24959,-155154,-7538
2013/7/24,投信,128,206,23,16,105,190,2662,4052,536,604,2126,3448
2013/7/24,外資及陸資,51306,36320,52924,36619,-1618,-299,163645,48178,237933,50533,-74288,-2355
2013/7/25,自營商,227793,33021,195305,34989,32488,-1968,167056,15197,291363,24466,-124307,-9269
2013/7/25,投信,38,58,65,73,-27,-15,2658,4040,559,615,2099,3425
2013/7/25,外資及陸資,62284,49338,60782,46006,1502,3332,167402,49858,240161,48906,-72759,952
2013/7/26,自營商,196631,35928,206304,38619,-9673,-2691,178452,13731,312369,25707,-133917,-11976
2013/7/26,投信,221,277,23,18,198,259,2690,4088,393,409,2297,3679
2013/7/26,外資及陸資,63755,49942,72720,52801,-8965,-2859,169265,48680,251007,50609,-81742,-1929
2013/7/29,自營商,209038,36436,243638,37979,-34600,-1543,182062,15180,350624,28645,-168562,-13464
2013/7/29,投信,61,78,165,262,-104,-184,2653,3997,460,532,2193,3465
2013/7/29,外資及陸資,68955,48323,70229,49043,-1274,-720,172794,47897,255651,50568,-82857,-2672
2013/7/30,自營商,243540,36649,198970,37603,44570,-954,214592,16345,338596,30897,-124004,-14552
2013/7/30,投信,12,19,6,5,6,14,2662,4063,463,542,2199,3521
2013/7/30,外資及陸資,66883,50564,57576,41222,9307,9342,184133,56484,257797,49733,-73664,6751
2013/7/31,自營商,168107,31931,206244,33845,-38137,-1914,174419,15031,335851,31444,-161432,-16413
2013/7/31,投信,135,215,166,75,-31,140,2739,4146,571,519,2168,3626
2013/7/31,外資及陸資,54203,35885,71886,49959,-17683,-14074,177128,45199,262306,52533,-85178,-7334
2013/8/1,自營商,185436,38213,229138,40623,-43702,-2410,180411,16287,385557,35065,-205146,-18777
2013/8/1,投信,41,62,188,193,-147,-131,2736,4134,715,642,2021,3493
2013/8/1,外資及陸資,62891,40496,70510,46071,-7619,-5575,180978,44393,273746,57314,-92768,-12921
2013/8/2,自營商,273983,51306,236779,43199,37204,8107,198747,18263,366473,28910,-167726,-10647
2013/8/2,投信,42,66,21,34,21,32,2742,4150,700,618,2042,3532
2013/8/2,外資及陸資,72746,52384,79240,53837,-6494,-1453,184318,43718,283713,58103,-99395,-14385
2013/8/5,自營商,193009,36546,185999,35428,7010,1118,216597,20265,377337,29805,-160740,-9540
2013/8/5,投信,4,5,20,23,-16,-18,2746,4175,720,644,2026,3531
2013/8/5,外資及陸資,54130,43150,49449,36839,4681,6311,188992,47526,283882,55676,-94890,-8150
2013/8/6,自營商,251335,46715,329983,46893,-78648,-178,212910,22435,452523,31965,-239613,-9530
2013/8/6,投信,120,183,153,218,-33,-35,2754,4150,761,702,1993,3448
2013/8/6,外資及陸資,58908,39961,83563,57586,-24655,-17625,183758,38930,302949,64594,-119191,-25664
2013/8/7,自營商,255715,40477,312169,42307,-56454,-1830,194210,23154,466580,34668,-272370,-11514
2013/8/7,投信,272,270,138,212,134,58,2893,4295,765,849,2128,3446
2013/8/7,外資及陸資,75672,41615,74704,43204,968,-1589,187471,36523,297047,63134,-109576,-26611
2013/8/8,自營商,166705,26560,229985,26430,-63280,130,205624,24162,541274,35466,-335650,-11305
2013/8/8,投信,99,38,24,38,75,0,2917,4331,714,885,2203,3446
2013/8/8,外資及陸資,48703,34204,55778,37561,-7075,-3357,186571,30794,303186,60733,-116615,-29940
2013/8/9,自營商,270628,45226,304652,43595,-34024,1631,220815,25572,590459,35185,-369644,-9613
2013/8/9,投信,20,31,110,159,-90,-128,2918,4321,805,1012,2113,3309
2013/8/9,外資及陸資,90176,54735,77408,55354,12768,-619,199501,30206,303412,60691,-103911,-30485
2013/8/12,自營商,222230,30789,158676,28535,63554,2254,232056,25841,538155,33243,-306099,-7402
2013/8/12,投信,105,94,24,35,81,59,2977,4431,783,1049,2194,3382
2013/8/12,外資及陸資,45454,35053,48181,31631,-2727,3422,203462,31924,310133,59086,-106671,-27162
2013/8/13,自營商,285858,43520,251899,40637,33959,2883,245140,26565,517265,30973,-272125,-4408
2013/8/13,投信,208,267,0,0,208,267,3067,4618,665,928,2402,3690
2013/8/13,外資及陸資,62347,39620,61371,35087,976,4533,206507,35543,312361,58401,-105854,-22858
2013/8/14,自營商,247276,38948,271642,33936,-24366,5012,225187,31413,518524,30923,-293337,490
2013/8/14,投信,55,82,40,63,15,19,3118,4680,701,983,2417,3698
2013/8/14,外資及陸資,61158,31563,67913,40483,-6755,-8920,210392,29663,314391,61292,-103999,-31629
2013/8/15,自營商,269113,38140,229007,38799,40106,-659,239005,28874,492014,29036,-253009,-162
2013/8/15,投信,46,66,66,101,-20,-35,3079,4578,682,948,2397,3630
2013/8/15,外資及陸資,54217,40934,61316,39856,-7099,1078,211438,32572,322305,62901,-110867,-30329
2013/8/16,自營商,376485,55487,332538,54366,43947,1121,254580,28425,463756,27463,-209176,962
2013/8/16,投信,130,204,165,259,-35,-55,3135,4698,773,1098,2362,3600
2013/8/16,外資及陸資,96832,75463,99718,69734,-2886,5729,221645,36842,335851,61569,-114206,-24728
2013/8/19,自營商,190750,28263,180570,23109,10180,5154,252786,33186,451887,27088,-199101,6098
2013/8/19,投信,516,794,476,733,40,61,3135,4679,733,1030,2402,3648
2013/8/19,外資及陸資,70901,59984,85750,65493,-14849,-5509,225214,34053,354116,64214,-128902,-30162
2013/8/20,自營商,313803,55159,340324,56150,-26521,-991,266785,34799,492275,29759,-225490,5040
2013/8/20,投信,2088,3111,1949,2832,139,279,3176,4678,633,793,2543,3884
2013/8/20,外資及陸資,108898,91463,113011,95972,-4113,-4509,231856,31325,364784,65736,-132928,-34411
2013/8/22,自營商,366574,56016,342600,49222,23974,6794,124974,15863,186870,15442,-61896,422
2013/8/22,投信,1130,1605,1356,1886,-226,-281,3120,4555,729,863,2391,3692
2013/8/22,外資及陸資,107210,73338,123958,74401,-16748,-1063,146218,25677,264254,50200,-118036,-24523
2013/8/23,自營商,198951,30434,197148,29695,1803,739,148248,17621,208275,16481,-60027,1140
2013/8/23,投信,69,107,24,37,45,70,3125,4611,689,810,2436,3801
2013/8/23,外資及陸資,55682,37598,53282,31771,2400,5827,154721,29402,270420,48297,-115699,-18895
2013/8/26,自營商,184481,26313,175734,25179,8747,1134,173817,20040,225031,17828,-51214,2211
2013/8/26,投信,107,166,38,59,69,107,3110,4609,605,682,2505,3927
2013/8/26,外資及陸資,48023,32736,53725,33301,-5702,-565,158429,30011,279794,49520,-121365,-19509
2013/8/27,自營商,188188,28333,213410,30822,-25222,-2489,185400,21216,261866,21356,-76466,-140
2013/8/27,投信,107,166,74,115,33,51,3217,4734,679,791,2538,3943
2013/8/27,外資及陸資,61950,33267,64103,31628,-2153,1639,169706,32567,293158,50343,-123452,-17776
2013/8/28,自營商,296274,33887,269651,34150,26623,-263,171402,19981,241365,20119,-69963,-138
2013/8/28,投信,46,64,257,387,-211,-323,3150,4643,823,1017,2327,3626
2013/8/28,外資及陸資,87965,54946,85777,48368,2188,6578,173258,37922,291617,49477,-118359,-11555
2013/8/29,自營商,265527,37723,220169,34484,45358,3239,202234,20141,226761,16873,-24527,3268
2013/8/29,投信,220,343,0,0,220,343,3258,4880,711,855,2547,4025
2013/8/29,外資及陸資,83294,52243,63446,43810,19848,8433,194629,45488,293469,48636,-98840,-3149
2013/8/30,自營商,221887,31002,213541,34439,8346,-3437,222156,17684,238271,17812,-16115,-128
2013/8/30,投信,69,105,18,29,51,76,3250,4912,652,769,2598,4142
2013/8/30,外資及陸資,71829,43747,80283,45914,-8454,-2167,197046,42617,304343,47926,-107297,-5309
2013/9/2,自營商,229469,29539,214269,29612,15200,-73,249692,18666,250583,18896,-891,-230
2013/9/2,投信,48,74,4,2,44,72,3274,4980,632,741,2642,4239
2013/9/2,外資及陸資,74620,45020,69348,40049,5272,4971,202204,45730,304320,45996,-102116,-266
2013/9/3,自營商,206526,28404,215201,24583,-8675,3821,270907,21452,280404,17887,-9497,3566
2013/9/3,投信,33,53,14,20,19,33,3261,4983,600,691,2661,4291
2013/9/3,外資及陸資,62194,38351,68186,44101,-5992,-5750,199751,39489,307919,45453,-108168,-5964
2013/9/4,自營商,244865,32910,231395,29982,13470,2928,238541,24178,237411,17599,1130,6578
2013/9/4,投信,98,112,6,10,92,102,3325,5052,572,648,2753,4404
2013/9/4,外資及陸資,64334,38184,69438,38005,-5104,179,199600,39597,305812,45389,-106212,-5792
2013/9/5,自營商,234903,33101,221204,33395,13699,-294,262960,23552,248185,17255,14775,6297
2013/9/5,投信,33,54,6,2,27,52,3324,5086,544,599,2780,4488
2013/9/5,外資及陸資,73699,45746,73396,43482,303,2264,212436,42897,318408,46376,-105972,-3479
2013/9/6,自營商,170366,18847,145433,19502,24933,-655,291410,23960,251717,18326,39693,5634
2013/9/6,投信,144,207,102,156,42,51,3295,5054,473,510,2822,4544
2013/9/6,外資及陸資,46241,31504,46337,26832,-96,4672,220666,46100,326820,44898,-106154,1202
2013/9/9,自營商,215049,33527,210465,33697,4584,-170,309448,23966,265177,18519,44271,5446
2013/9/9,投信,179,288,71,69,108,219,3232,5006,302,232,2930,4774
2013/9/9,外資及陸資,64156,49476,71255,49089,-7099,387,222320,48301,335531,46652,-113211,1649
2013/9/10,自營商,280157,33494,274830,34854,5327,-1360,329851,23522,280394,19390,49457,4133
2013/9/10,投信,0,0,130,194,-130,-194,3223,4998,422,413,2801,4585
2013/9/10,外資及陸資,85073,50338,73863,46590,11210,3748,240394,50190,342275,44780,-101881,5410
2013/9/11,自營商,277625,37704,274610,36399,3015,1305,302540,25748,253471,20129,49069,5619
2013/9/11,投信,22,33,120,196,-98,-163,3165,4911,462,479,2703,4432
2013/9/11,外資及陸資,83387,54072,82461,56977,926,-2905,235344,49783,327671,47480,-92327,2303
2013/9/12,自營商,174624,27201,178529,24462,-3905,2739,312617,27435,267612,19088,45005,8347
2013/9/12,投信,11,2,5,8,6,-6,3160,4906,451,477,2709,4428
2013/9/12,外資及陸資,60059,45026,59505,43239,554,1787,242487,48789,334197,44698,-91710,4091
2013/9/13,自營商,165630,23214,167819,24532,-2189,-1318,315152,26979,272348,19999,42804,6981
2013/9/13,投信,1,1,14,23,-13,-22,3160,4878,464,496,2696,4382
2013/9/13,外資及陸資,42889,32059,46794,35320,-3905,-3261,249487,49896,345063,49154,-95576,742
2013/9/14,自營商,116786,10700,107365,12196,9421,-1496,322360,26265,270162,20759,52198,5506
2013/9/14,投信,0,0,27,44,-27,-44,3143,4859,474,513,2669,4346
2013/9/14,外資及陸資,11618,8519,7158,5907,4460,2612,253067,53282,344195,49899,-91128,3383
2013/9/16,自營商,219582,30823,194735,35929,24847,-5106,341260,26258,264212,25817,77048,441
2013/9/16,投信,843,1319,817,1306,26,13,3133,4891,438,486,2695,4405
2013/9/16,外資及陸資,75125,67606,75441,62510,-316,5096,265676,58001,357144,49331,-91468,8670
2013/9/17,自營商,149521,26388,163336,22363,-13815,4025,341898,25645,278176,21176,63722,4468
2013/9/17,投信,1171,1823,1284,2013,-113,-190,3095,4819,513,609,2582,4210
2013/9/17,外資及陸資,79121,62593,78362,65431,759,-2838,286969,60674,377642,54878,-90673,5796
2013/9/18,自營商,186040,31464,194625,29644,-8585,1820,122759,12678,130842,13764,-8083,-1086
2013/9/18,投信,1137,1754,1466,2228,-329,-474,2955,4579,490,729,2465,3849
2013/9/18,外資及陸資,75472,48513,79061,58759,-3589,-10246,176905,39826,211806,40184,-34901,-358
2013/9/23,自營商,181009,25361,173219,22059,7790,3302,164064,16285,164357,14091,-293,2194
2013/9/23,投信,4,7,5,8,-1,-1,2954,4621,490,737,2464,3884
2013/9/23,外資及陸資,68414,35698,52196,30012,16218,5686,201392,46520,220231,41117,-18839,5403
2013/9/24,自營商,154138,23270,151120,21455,3018,1815,183884,19059,181159,15037,2725,4022
2013/9/24,投信,0,0,29,47,-29,-47,2938,4601,503,759,2435,3842
2013/9/24,外資及陸資,43846,31321,50844,32259,-6998,-938,208474,46475,234550,42000,-26076,4476
2013/9/25,自營商,142066,22495,144692,20194,-2626,2301,173037,20833,171967,14632,1070,6201
2013/9/25,投信,0,0,46,76,-46,-76,2931,4571,542,820,2389,3751
2013/9/25,外資及陸資,39304,28205,49971,34093,-10667,-5888,193571,43138,231923,44592,-38352,-1453
2013/9/26,自營商,178991,28494,192123,29612,-13132,-1118,186286,20854,198612,15786,-12326,5068
2013/9/26,投信,0,0,218,157,-218,-157,2871,4447,700,877,2171,3570
2013/9/26,外資及陸資,57364,38755,55098,38985,2266,-230,203355,48003,239499,49738,-36144,-1735
2013/9/27,自營商,103892,13108,99801,13720,4091,-612,203298,20618,211629,16177,-8331,4441
2013/9/27,投信,125,151,150,0,-25,151,2876,4456,730,735,2146,3721
2013/9/27,外資及陸資,36233,25667,31390,23188,4843,2479,209993,48982,241324,48232,-31331,750
2013/9/30,自營商,217177,32426,205299,33618,11878,-1192,216718,19430,213276,16193,3442,3236
2013/9/30,投信,121,196,183,5,-62,191,2887,4441,803,557,2084,3884
2013/9/30,外資及陸資,63673,47582,75126,44711,-11453,2871,214034,52492,256728,48974,-42694,3518
2013/10/1,自營商,149466,22770,142222,23235,7244,-465,229138,19408,218416,16619,10722,2789
2013/10/1,投信,6,10,4,7,2,3,2886,4455,800,554,2086,3901
2013/10/1,外資及陸資,42822,31355,43772,33513,-950,-2158,222328,54817,266053,53417,-43725,1401
2013/10/2,自營商,143063,18465,136882,20248,6181,-1783,211949,18592,192807,17467,19142,1126
2013/10/2,投信,35,57,3,4,32,53,2893,4472,775,513,2118,3958
2013/10/2,外資及陸資,48428,38823,43303,32923,5125,5900,223177,58223,258723,51012,-35546,7210
2013/10/3,自營商,341815,48782,303086,51354,38729,-2572,255627,19680,197777,21022,57850,-1342
2013/10/3,投信,111,184,56,93,55,91,2966,4713,793,557,2173,4156
2013/10/3,外資及陸資,104463,54416,90005,47075,14458,7341,246772,66681,268268,51532,-21496,15149
2013/10/4,自營商,161829,22181,181781,23976,-19952,-1795,247556,18688,209619,21837,37937,-3149
2013/10/4,投信,3,1,20,33,-17,-32,2949,4675,793,556,2156,4119
2013/10/4,外資及陸資,62593,40284,83353,49389,-20760,-9105,244230,60276,286201,54246,-41971,6031
2013/10/7,自營商,158554,26950,172732,24125,-14178,2825,241423,18361,217625,18714,23798,-353
2013/10/7,投信,11,0,11,17,0,-17,2938,4635,782,553,2156,4082
2013/10/7,外資及陸資,57473,39345,63933,45603,-6460,-6258,248939,54835,297142,55165,-48203,-330
2013/10/8,自營商,203937,29501,198366,29016,5571,485,257700,19850,228328,19728,29372,123
2013/10/8,投信,0,0,37,61,-37,-61,2901,4600,782,556,2119,4044
2013/10/8,外資及陸資,67390,52327,75409,48610,-8019,3717,254521,53248,310806,49744,-56285,3504
2013/10/9,自營商,200831,25047,205855,27899,-5024,-2852,240206,18333,212761,21126,27445,-2794
2013/10/9,投信,0,0,545,909,-545,-909,2880,4546,1306,1427,1574,3119
2013/10/9,外資及陸資,60508,35333,67835,34938,-7327,395,247558,53352,311785,49439,-64227,3912
2013/10/11,自營商,175204,34876,182136,31331,-6932,3545,250294,19077,229616,18328,20678,749
2013/10/11,投信,68,115,24,40,44,75,2900,4592,1282,1391,1618,3201
2013/10/11,外資及陸資,102256,63094,103483,69352,-1227,-6258,258082,50055,323489,52305,-65407,-2250
2013/10/14,自營商,221845,36314,221054,39513,791,-3199,249124,16128,227508,18599,21616,-2471
2013/10/14,投信,783,1266,817,1324,-34,-58,2866,4497,1282,1379,1584,3117
2013/10/14,外資及陸資,89233,71907,91364,74121,-2131,-2214,266331,47964,333794,52510,-67463,-4546
2013/10/15,自營商,207360,35340,181379,35377,25981,-37,268040,17876,220455,20390,47585,-2514
2013/10/15,投信,1214,1945,1230,1974,-16,-29,2858,4514,1290,1403,1568,3111
2013/10/15,外資及陸資,102753,87858,97129,88820,5624,-962,286636,55559,347962,60985,-61326,-5426
2013/10/16,自營商,147113,29225,153596,29428,-6483,-203,127205,10971,114436,14009,12769,-3038
2013/10/16,投信,1456,2296,1436,2253,20,43,2870,4536,773,1288,2097,3248
2013/10/16,外資及陸資,77817,58910,69591,55224,8226,3686,171298,49971,230847,52630,-59549,-2659
2013/10/17,自營商,157334,25531,161252,23838,-3918,1693,140443,12819,131592,14154,8851,-1335
2013/10/17,投信,22,37,15,13,7,24,2877,4577,773,1293,2104,3284
2013/10/17,外資及陸資,61057,35925,63427,40294,-2370,-4369,185734,49059,247707,56055,-61973,-6996
2013/10/18,自營商,135487,24463,129819,22508,5668,1955,153148,14720,138596,14074,14552,645
2013/10/18,投信,100,168,4,7,96,161,2873,4600,673,1133,2200,3467
2013/10/18,外資及陸資,61292,34385,44485,29321,16807,5064,208927,54387,254351,56275,-45424,-1888
2013/10/21,自營商,104100,19188,116943,16164,-12843,3024,155218,17328,153509,13685,1709,3643
2013/10/21,投信,0,0,7,12,-7,-12,2866,4579,673,1131,2193,3448
2013/10/21,外資及陸資,36456,27923,49144,35157,-12688,-7234,204075,46611,261890,55741,-57815,-9130
2013/10/22,自營商,137246,25560,129204,26568,8042,-1008,166450,16430,156699,13758,9751,2672
2013/10/22,投信,15,25,119,200,-104,-175,2862,4581,773,1301,2089,3280
2013/10/22,外資及陸資,60342,39964,57646,31648,2696,8316,219090,53796,274398,54592,-55308,-796
2013/10/23,自營商,174768,30260,185649,29482,-10881,778,160353,18241,160945,14894,-592,3347
2013/10/23,投信,1,0,1283,2150,-1282,-2150,1620,2472,813,1359,807,1113
2013/10/23,外資及陸資,61859,44334,84152,55479,-22293,-11145,200232,43392,280500,55418,-80268,-12027
2013/10/24,自營商,127211,23248,119173,24611,8038,-1363,173114,16200,165683,14194,7431,2007
2013/10/24,投信,18,30,24,40,-6,-10,1614,2472,813,1365,801,1107
2013/10/24,外資及陸資,56230,43511,51076,35384,5154,8127,208237,47085,283756,50960,-75519,-3875
2013/10/25,自營商,166625,35209,185246,35067,-18621,142,183557,18718,194813,16570,-11256,2148
2013/10/25,投信,0,0,30,50,-30,-50,1604,2434,833,1386,771,1048
2013/10/25,外資及陸資,60383,45917,80625,54848,-20242,-8931,204825,42606,300217,55469,-95392,-12863
2013/10/28,自營商,163574,30734,144971,30081,18603,653,197981,16950,190550,14166,7431,2784
2013/10/28,投信,17,27,2,3,15,24,1603,2452,817,1371,786,1081
2013/10/28,外資及陸資,57738,39451,48005,30887,9733,8564,212902,46610,298906,50887,-86004,-4276
2013/10/29,自營商,192821,33053,186579,33277,6242,-224,211007,17245,197340,14698,13667,2548
2013/10/29,投信,65,109,15,24,50,85,1642,2524,806,1355,836,1169
2013/10/29,外資及陸資,82841,56182,65786,47400,17055,8782,234043,55269,303091,50719,-69048,4550
2013/10/30,自營商,154142,25891,142883,24244,11259,1647,189976,19134,174874,14830,15102,4304
2013/10/30,投信,62,103,12,20,50,83,1642,2533,766,1293,876,1240
2013/10/30,外資及陸資,60563,41893,51652,39364,8911,2529,229935,56726,300794,49762,-70859,6964
2013/10/31,自營商,129855,26187,120322,25983,9533,204,213591,20453,188956,15958,24635,4495
2013/10/31,投信,4,5,6,10,-2,-5,1640,2525,766,1291,874,1234
2013/10/31,外資及陸資,49565,42588,43677,34859,5888,7729,240280,63961,305383,49284,-65103,14676
2013/11/1,自營商,189979,38202,221028,39347,-31049,-1145,218386,20397,224851,17050,-6465,3347
2013/11/1,投信,2,3,37,62,-35,-59,1605,2455,766,1286,839,1169
2013/11/1,外資及陸資,64440,44474,79678,56048,-15238,-11574,239012,55031,319329,52003,-80317,3029
2013/11/4,自營商,160845,31046,188143,31091,-27298,-45,215705,20502,249357,17197,-33652,3304
2013/11/4,投信,2,2,66,107,-64,-105,1582,2400,807,1342,775,1057
2013/11/4,外資及陸資,45724,34634,71567,44918,-25843,-10284,231651,45774,337496,53105,-105845,-7331
2013/11/5,自營商,230255,35134,236574,37605,-6319,-2471,227685,19459,267719,18629,-40034,830
2013/11/5,投信,20,33,39,56,-19,-23,1567,2355,811,1329,756,1026
2013/11/5,外資及陸資,64366,42571,78465,46538,-14099,-3967,231800,44370,351610,55710,-119810,-11340
2013/11/6,自營商,187097,29289,195954,28570,-8857,719,202488,19841,235023,18441,-32535,1400
2013/11/6,投信,1,0,29,23,-28,-23,1558,2341,830,1338,728,1003
2013/11/6,外資及陸資,57275,40272,57667,44797,-392,-4525,226884,42532,336011,58244,-109127,-15712
2013/11/7,自營商,129268,20238,128031,21638,1237,-1400,221972,18842,253237,18814,-31265,28
2013/11/7,投信,5,8,31,47,-26,-39,1560,2341,858,1378,702,963
2013/11/7,外資及陸資,42042,36185,48789,38109,-6747,-1924,229037,42860,344884,60505,-115847,-17645
2013/11/8,自營商,152341,21295,153648,26108,-1307,-4813,226947,16144,259495,20918,-32548,-4774
2013/11/8,投信,8,11,25,10,-17,1,1565,2339,880,1380,685,959
2013/11/8,外資及陸資,72216,43200,67299,41803,4917,1397,240952,43145,352027,59357,-111075,-16213
2013/11/11,自營商,142152,24016,162726,25844,-20574,-1828,232428,16478,285265,23061,-52837,-6582
2013/11/11,投信,5,7,4,2,1,5,1569,2338,883,1377,686,961
2013/11/11,外資及陸資,46075,35941,62936,44088,-16861,-8147,238230,43985,365848,68284,-127618,-24299
2013/11/12,自營商,184109,29476,181442,29828,2667,-352,237135,15786,287527,22731,-50392,-6945
2013/11/12,投信,110,180,31,16,79,164,1624,2434,859,1309,765,1126
2013/11/12,外資及陸資,57268,46823,54302,49184,2966,-2361,241751,47197,366682,73867,-124931,-26670
2013/11/13,自營商,222818,32547,248094,32608,-25276,-61,213639,17237,270935,23978,-57296,-6740
2013/11/13,投信,96,142,66,104,30,38,1678,2490,883,1341,795,1149
2013/11/13,外資及陸資,63554,44805,83257,52431,-19703,-7626,236834,40109,375677,74315,-138843,-34206
2013/11/14,自營商,179209,28201,185124,27888,-5915,313,230265,18132,293266,24563,-63001,-6431
2013/11/14,投信,25,33,205,197,-180,-164,1669,2481,1054,1493,615,988
2013/11/14,外資及陸資,76283,47294,64858,47852,11425,-558,249986,38005,377575,72830,-127589,-34825
2013/11/15,自營商,211534,34794,213360,32434,-1826,2360,240680,21201,305405,25340,-64725,-4139
2013/11/15,投信,148,239,31,47,117,192,1673,2498,941,1316,732,1182
2013/11/15,外資及陸資,93645,59195,73542,57802,20103,1393,270211,41365,377610,74892,-107399,-33527
2013/11/18,自營商,164542,26939,156745,23700,7797,3239,253137,21572,309549,22496,-56412,-923
2013/11/18,投信,170,261,175,269,-5,-8,1610,2404,883,1225,727,1178
2013/11/18,外資及陸資,70896,64841,65498,57701,5398,7140,272989,40594,375026,67052,-102037,-26458
2013/11/19,自營商,188860,29653,170224,28642,18636,1011,266456,17284,304796,17187,-38340,96
2013/11/19,投信,1303,2032,1122,1468,181,564,1604,2425,696,675,908,1751
2013/11/19,外資及陸資,98531,88029,80888,75607,17643,12422,287204,45604,372027,59712,-84823,-14107
2013/11/20,自營商,140909,31763,169465,29993,-28556,1770,108531,10706,126679,10473,-18148,233
2013/11/20,投信,862,1216,970,1188,-108,28,1593,2416,691,478,902,1938
2013/11/20,外資及陸資,44833,35562,56977,48325,-12144,-12763,182504,32614,263377,54281,-80873,-21667
2013/11/21,自營商,209093,33815,236831,34098,-27738,-283,128944,14005,174277,14000,-45333,6
2013/11/21,投信,248,133,66,107,182,26,1624,2428,540,496,1084,1933
2013/11/21,外資及陸資,72336,38794,102041,51200,-29705,-12406,189104,26817,299585,60697,-110481,-33881
2013/11/22,自營商,114846,14919,106757,14031,8089,888,146422,14153,183657,13269,-37235,885
2013/11/22,投信,15,24,134,156,-119,-132,1513,2311,548,508,965,1803
2013/11/22,外資及陸資,42146,26670,37099,23765,5047,2905,192849,25974,298643,56969,-105794,-30995
2013/11/25,自營商,194355,27556,176345,26285,18010,1271,167344,14248,186563,12125,-19219,2123
2013/11/25,投信,54,88,178,82,-124,6,1477,2282,636,448,841,1834
2013/11/25,外資及陸資,68213,42845,55097,32295,13116,10550,210740,34155,303646,54848,-92906,-20693
2013/11/26,自營商,235871,32695,223270,31076,12601,1619,195029,14768,201647,11002,-6618,3766
2013/11/26,投信,40,64,243,2,-203,62,1509,2349,871,440,638,1909
2013/11/26,外資及陸資,72394,47849,53438,35524,18956,12325,230261,44528,304549,52924,-74288,-8396
2013/11/27,自營商,178272,24945,166426,22344,11846,2601,178908,17463,187792,11025,-8884,6438
2013/11/27,投信,39,15,120,0,-81,15,1518,2379,961,443,557,1936
2013/11/27,外資及陸資,58788,36615,50619,30911,8169,5704,232603,46371,298036,49113,-65433,-2743
2013/11/28,自營商,201230,27234,197099,25542,4131,1692,203780,19965,208443,11849,-4663,8117
2013/11/28,投信,2,3,0,0,2,3,1520,2405,961,447,559,1958
2013/11/28,外資及陸資,69577,34475,63128,34791,6449,-316,249845,53153,308907,56090,-59062,-2936
2013/11/29,自營商,164316,23001,160030,22004,4286,997,217476,21562,217853,12442,-377,9121
2013/11/29,投信,2,2,140,34,-138,-32,1521,2420,1100,482,421,1938
2013/11/29,外資及陸資,53927,31818,46959,25586,6968,6232,256979,59593,309172,56210,-52193,3382
2013/12/2,自營商,161651,23581,167521,21608,-5870,1973,234550,23319,240713,12236,-6163,11084
2013/12/2,投信,300,32,97,12,203,20,1533,2436,909,482,624,1955
2013/12/2,外資及陸資,45184,30878,51472,34736,-6288,-3858,255640,58001,314130,58509,-58490,-508
2013/12/3,自營商,137939,19582,141256,20205,-3317,-623,235256,22334,244403,11869,-9147,10464
2013/12/3,投信,6,10,319,536,-313,-526,1520,2414,1209,986,311,1428
2013/12/3,外資及陸資,43441,34070,48208,33835,-4767,235,257437,59933,320580,60218,-63143,-285
2013/12/4,自營商,225743,29621,203503,31800,22240,-2179,220713,22163,224814,13671,-4101,8492
2013/12/4,投信,6,10,58,97,-52,-87,1482,2357,1223,1013,259,1345
2013/12/4,外資及陸資,62550,43394,69715,42655,-7165,739,259044,62942,331067,62525,-72023,417
2013/12/5,自營商,200366,31700,214285,32434,-13919,-734,230709,20579,248729,12783,-18020,7795
2013/12/5,投信,45,19,73,99,-28,-80,1423,2243,1192,987,231,1255
2013/12/5,外資及陸資,59942,45845,75125,55025,-15183,-9180,256102,56773,342984,65591,-86882,-8818
2013/12/6,自營商,179862,27352,171654,27086,8208,266,244623,20732,254435,12655,-9812,8077
2013/12/6,投信,0,0,13,22,-13,-22,1410,2223,1192,988,218,1235
2013/12/6,外資及陸資,48943,36383,49454,36163,-511,220,262990,57755,350536,66348,-87546,-8592
2013/12/9,自營商,215948,33136,202523,31751,13425,1385,277562,23889,273970,14431,3592,9458
2013/12/9,投信,96,130,27,42,69,88,1474,2329,1187,996,287,1334
2013/12/9,外資及陸資,56560,32785,55515,37742,1045,-4957,273036,56392,359432,69893,-86396,-13501
2013/12/10,自營商,127413,18131,130595,18009,-3182,122,284635,23957,284225,14369,410,9588
2013/12/10,投信,155,6,199,13,-44,-7,1471,2323,1228,996,243,1327
2013/12/10,外資及陸資,44726,31483,41417,28807,3309,2676,279875,58294,363043,69113,-83168,-10819
2013/12/11,自營商,302791,40316,294581,43022,8210,-2706,258300,21892,246470,14955,11830,6937
2013/12/11,投信,72,91,84,119,-12,-28,1468,2305,1237,1011,231,1294
2013/12/11,外資及陸資,76897,56383,78107,55033,-1210,1350,280621,61873,358468,71367,-77847,-9494
2013/12/12,自營商,194445,28713,199315,32283,-4870,-3570,264566,19373,257699,16008,6867,3366
2013/12/12,投信,88,76,618,264,-530,-188,1387,2173,1686,1073,-299,1100
2013/12/12,外資及陸資,76683,47106,82562,45430,-5879,1676,294611,61775,378337,69614,-83726,-7839
2013/12/13,自營商,214065,25530,203317,24804,10748,726,291288,18640,273526,14549,17762,4091
2013/12/13,投信,110,149,517,185,-407,-36,1399,2184,2105,1121,-706,1064
2013/12/13,外資及陸資,68722,48909,93256,55422,-24534,-6513,305323,67280,413634,81654,-108311,-14375
2013/12/16,自營商,207493,34151,220418,37110,-12925,-2959,298972,19993,293976,18813,4996,1181
2013/12/16,投信,697,805,1207,945,-510,-140,1365,2122,2581,1206,-1216,916
2013/12/16,外資及陸資,89732,94343,99988,97457,-10256,-3114,315468,80105,433900,97580,-118432,-17475
2013/12/17,自營商,170829,22065,159445,23947,11384,-1882,312174,20111,295575,20824,16599,-713
2013/12/17,投信,856,1341,1215,1288,-359,53,1366,2121,2941,1149,-1575,972
2013/12/17,外資及陸資,74070,71000,79471,69360,-5401,1640,323530,84909,447393,100766,-123863,-15857
2013/12/18,自營商,142712,23051,144115,24361,-1403,-1310,109175,10456,123397,10297,-14222,158
2013/12/18,投信,890,1395,1402,1558,-512,-163,1350,2107,3065,1302,-1715,805
2013/12/18,外資及陸資,50564,39081,58309,47238,-7745,-8157,167127,50666,243400,69474,-76273,-18808
2013/12/19,自營商,161526,26893,159587,25349,1939,1544,144486,13601,156595,11927,-12109,1675
2013/12/19,投信,318,448,100,135,218,313,1482,2278,2979,1155,-1497,1123
2013/12/19,外資及陸資,55769,36593,59946,34746,-4177,1847,174986,52915,255751,69909,-80765,-16994
2013/12/20,自營商,134575,18288,125457,16797,9118,1491,167761,15016,170461,11839,-2700,3178
2013/12/20,投信,158,248,57,74,101,174,1588,2466,2984,1166,-1396,1300
2013/12/20,外資及陸資,44902,32625,48472,26641,-3570,5984,181398,55360,265916,66368,-84518,-11008
2013/12/23,自營商,139165,20342,134519,19827,4646,515,192884,16614,190848,12913,2036,3701
2013/12/23,投信,136,197,53,84,83,113,1672,2598,2985,1176,-1313,1422
2013/12/23,外資及陸資,42641,20437,42464,22306,177,-1869,192520,56293,276963,69162,-84443,-12869
2013/12/24,自營商,71112,10404,71838,8781,-726,1623,194782,16831,193457,11478,1325,5354
2013/12/24,投信,137,231,127,201,10,30,1567,2434,2870,980,-1303,1454
2013/12/24,外資及陸資,23524,17289,23342,13571,182,3718,195523,56519,279847,65669,-84324,-9150
2013/12/25,自營商,89393,10890,94189,9771,-4796,1119,167094,17471,177754,10756,-10660,6715
2013/12/25,投信,75,119,69,108,6,11,1602,2499,2899,1032,-1297,1467
2013/12/25,外資及陸資,20743,10488,20001,9533,742,955,195331,56471,275220,64913,-79889,-8442
2013/12/26,自營商,66132,10311,69173,9270,-3041,1041,178056,18754,191757,11007,-13701,7747
2013/12/26,投信,73,117,152,242,-79,-125,1587,2482,2963,1139,-1376,1343
2013/12/26,外資及陸資,15450,8676,21119,9449,-5669,-773,197278,56097,282820,65325,-85542,-9229
2013/12/27,自營商,131190,20130,127381,19399,3809,731,184105,20508,193985,12024,-9880,8483
2013/12/27,投信,236,321,86,131,150,190,1702,2680,2928,1143,-1226,1537
2013/12/27,外資及陸資,43955,25588,36838,22766,7117,2822,208706,60438,287263,66821,-78557,-6383
2013/12/30,自營商,180402,28345,177672,26505,2730,1840,203464,23171,210587,12780,-7123,10390
2013/12/30,投信,87,141,72,102,15,39,1718,2746,2929,1160,-1211,1587
2013/12/30,外資及陸資,57587,29019,59609,29239,-2022,-220,217926,61421,298418,67971,-80492,-6550
2013/12/31,自營商,130876,17401,132755,18378,-1879,-977,214156,23455,223137,14032,-8981,9423
2013/12/31,投信,22,35,152,187,-130,-152,1620,2597,2961,1161,-1341,1436
2013/12/31,外資及陸資,40980,15721,44443,17935,-3463,-2214,222437,59532,306401,68286,-83964,-8753
2014/1/2,自營商,184795,27297,188023,25925,-3228,1372,198924,24631,212460,13813,-13536,10819
2014/1/2,投信,213,170,260,154,-47,16,1735,2609,3123,1158,-1388,1450
2014/1/2,外資及陸資,56078,33373,50055,28381,6023,4992,230873,63173,303332,66974,-72459,-3801
2014/1/3,自營商,178206,30745,196637,35277,-18431,-4532,204060,21253,235877,15028,-31817,6226
2014/1/3,投信,297,139,135,211,162,-72,1694,2505,2920,1133,-1226,1372
2014/1/3,外資及陸資,61281,34327,91350,44816,-30069,-10489,237345,60611,339534,74978,-102189,-14367
2014/1/6,自營商,182054,28699,191321,32175,-9267,-3476,216401,18644,257026,15905,-40625,2739
2014/1/6,投信,91,146,170,266,-79,-120,1637,2409,2942,1159,-1305,1250
2014/1/6,外資及陸資,54978,37384,60480,38016,-5502,-632,241210,61970,349117,76956,-107907,-14987
2014/1/7,自營商,188362,24841,180387,27467,7975,-2626,232493,17362,265137,17228,-32644,134
2014/1/7,投信,103,153,107,160,-4,-7,1630,2412,2939,1166,-1309,1246
2014/1/7,外資及陸資,53199,43036,53430,41429,-231,1607,246352,67627,354562,81004,-108210,-13378
2014/1/8,自營商,191309,29195,183339,26648,7970,2547,220031,19246,240494,16224,-20463,3022
2014/1/8,投信,407,350,269,112,138,238,1751,2632,2922,1145,-1171,1487
2014/1/8,外資及陸資,45891,32952,49654,36701,-3763,-3749,245558,64485,354105,81998,-108547,-17513
2014/1/9,自營商,217595,41768,235528,41715,-17933,53,223942,19782,262893,16695,-38951,3087
2014/1/9,投信,157,144,286,370,-129,-226,1663,2458,2963,1204,-1300,1255
2014/1/9,外資及陸資,76911,56437,83009,65337,-6098,-8900,253701,62293,368219,88697,-114518,-26404
2014/1/10,自營商,152461,22390,142146,22464,10315,-74,235559,19503,264549,16482,-28990,3021
2014/1/10,投信,103,154,79,108,24,46,1701,2524,2977,1221,-1276,1303
2014/1/10,外資及陸資,65527,53231,62038,47309,3489,5922,272974,72070,384069,92572,-111095,-20502
2014/1/13,自營商,228253,41602,214945,40116,13308,1486,249223,20595,264881,16053,-15658,4542
2014/1/13,投信,701,1131,529,806,172,325,1831,2772,2935,1143,-1104,1629
2014/1/13,外資及陸資,95940,103271,101743,106834,-5803,-3563,272032,64434,388968,88519,-116936,-24085
2014/1/14,自營商,194453,33647,212305,31902,-17852,1745,252211,23385,285529,17107,-33318,6279
2014/1/14,投信,859,1384,779,1230,80,154,1912,2920,2936,1140,-1024,1781
2014/1/14,外資及陸資,69196,73093,79157,75438,-9961,-2345,275513,68940,402731,95348,-127218,-26409
2014/1/15,自營商,254847,43652,204040,39604,50807,4048,119249,15738,145905,11193,-26656,4545
2014/1/15,投信,1180,1771,2820,1137,-1640,634,1671,2540,2562,492,-891,2048
2014/1/15,外資及陸資,89013,76742,78014,66247,10999,10495,201692,57423,264417,74943,-62725,-17520
2014/1/16,自營商,146072,24423,156225,24378,-10153,45,143586,16182,180407,11584,-36821,4597
2014/1/16,投信,95,143,172,171,-77,-28,1650,2511,2618,488,-968,2023
2014/1/16,外資及陸資,47405,25319,50357,30183,-2952,-4864,209414,55089,274998,77473,-65584,-22384
2014/1/17,自營商,178364,29043,190370,30167,-12006,-1124,168897,17148,217715,13658,-48818,3490
2014/1/17,投信,44,69,118,166,-74,-97,1614,2450,2656,526,-1042,1924
2014/1/17,外資及陸資,56377,31754,62584,34733,-6207,-2979,219257,52137,291075,77499,-71818,-25363
2014/1/20,自營商,165660,26535,159929,25193,5731,1342,184137,18627,227206,13777,-43069,4849
2014/1/20,投信,139,200,234,403,-95,-203,1631,2472,2768,746,-1137,1725
2014/1/20,外資及陸資,42475,31504,41521,27682,954,3822,224591,56403,295524,78003,-70933,-21601
2014/1/21,自營商,156638,24766,168035,23338,-11397,1428,201934,20117,256373,13775,-54439,6342
2014/1/21,投信,98,149,133,215,-35,-66,1596,2404,2768,746,-1172,1657
2014/1/21,外資及陸資,42555,27555,47046,33492,-4491,-5937,228292,53672,303467,81213,-75175,-27540
2014/1/22,自營商,158541,22833,150598,22686,7943,147,169528,19816,211541,13310,-42013,6506
2014/1/22,投信,213,176,646,285,-433,-109,1533,2298,3138,748,-1605,1550
2014/1/22,外資及陸資,46411,27334,42336,22683,4075,4651,240213,55830,309410,78768,-69197,-22938
2014/1/23,自營商,153849,31081,171617,31068,-17768,13,186921,21230,246603,14740,-59682,6491
2014/1/23,投信,82,130,196,288,-114,-158,1469,2189,3188,802,-1719,1386
2014/1/23,外資及陸資,61852,32341,74930,39647,-13078,-7306,255769,48337,337837,78513,-82068,-30176
2014/1/24,自營商,187607,31149,175331,34543,12276,-3394,221664,19796,269043,16704,-47379,3091
2014/1/24,投信,151,208,296,336,-145,-128,1436,2132,3300,873,-1864,1260
2014/1/24,外資及陸資,69593,39667,56032,28583,13561,11084,284285,58856,353002,77968,-68717,-19113
2014/1/27,自營商,348399,61879,393532,63057,-45133,-1178,235810,21360,328011,19432,-92201,1928
2014/1/27,投信,215,187,1115,761,-900,-574,1425,2066,4204,1428,-2779,639
2014/1/27,外資及陸資,154547,50530,160769,61530,-6222,-11000,321000,53494,395834,83504,-74834,-30011
2014/2/5,自營商,379223,50318,432312,54282,-53089,-3964,289639,20085,434929,22230,-145290,-2145
2014/2/5,投信,452,313,544,361,-92,-48,1636,2190,4507,1619,-2871,572
2014/2/5,外資及陸資,153922,74471,176114,78316,-22192,-3845,313572,45237,409374,78880,-95802,-33643
2014/2/6,自營商,222469,30802,225004,26935,-2535,3867,274077,22045,380865,20345,-106788,1701
2014/2/6,投信,121,187,35,53,86,134,1572,2255,4237,1544,-2665,711
2014/2/6,外資及陸資,97579,54680,97020,52908,559,1772,287182,40429,391686,72275,-104504,-31846
2014/2/7,自營商,262951,34814,241795,33217,21156,1597,301451,23574,386906,20287,-85455,3287
2014/2/7,投信,186,303,115,172,71,131,1579,2287,4173,1438,-2594,849
2014/2/7,外資及陸資,109267,48483,94948,44002,14319,4481,316660,42306,407198,69732,-90538,-27426
2014/2/10,自營商,222667,31221,218673,28419,3994,2802,325331,26729,406834,20692,-81503,6037
2014/2/10,投信,589,525,98,145,491,380,1652,2415,3755,1187,-2103,1229
2014/2/10,外資及陸資,66765,39756,60429,38965,6336,791,325004,44472,409380,71078,-84376,-26606
2014/2/11,自營商,203303,28707,186101,27563,17202,1144,350122,27741,414354,20552,-64232,7189
2014/2/11,投信,165,244,37,61,128,183,1685,2466,3660,1044,-1975,1423
2014/2/11,外資及陸資,53979,45269,45756,34521,8223,10748,333059,50644,409368,66481,-76309,-15837
2014/2/12,自營商,317318,38947,293090,35291,24228,3656,309234,28426,375102,17600,-65868,10826
2014/2/12,投信,324,535,678,129,-354,406,1623,2542,3832,700,-2209,1843
2014/2/12,外資及陸資,83345,48628,75960,44017,7385,4611,337800,57422,402467,68650,-64667,-11228
2014/2/13,自營商,176018,21120,171072,23771,4946,-2651,322868,27183,383844,18997,-60976,8187
2014/2/13,投信,105,175,231,368,-126,-193,1618,2537,3953,896,-2335,1641
2014/2/13,外資及陸資,56607,32867,48888,28078,7719,4789,351757,61910,408810,68413,-57053,-6502
2014/2/14,自營商,342451,44033,300976,45627,41475,-1594,368846,28762,388362,22205,-19516,6558
2014/2/14,投信,641,585,330,131,311,454,1635,2573,3659,467,-2024,2106
2014/2/14,外資及陸資,105353,76350,83880,68881,21473,7469,371175,62493,406888,61444,-35713,1050
2014/2/17,自營商,215056,30820,227491,26374,-12435,4446,374227,33113,406387,22120,-32160,10993
2014/2/17,投信,615,1012,727,1185,-112,-173,1513,2386,3649,447,-2136,1939
2014/2/17,外資及陸資,86041,63271,81831,64665,4210,-1394,381495,62642,412825,62901,-31330,-260
2014/2/18,自營商,274296,39774,256072,37978,18224,1796,402780,34619,416422,21859,-13642,12760
2014/2/18,投信,917,1463,925,1494,-8,-31,1517,2390,3661,473,-2144,1917
2014/2/18,外資及陸資,108615,70567,122781,67273,-14166,3294,398684,67039,444093,63859,-45409,3180
2014/2/19,自營商,209180,31211,203626,32814,5554,-1603,166696,15102,146931,14011,19765,1091
2014/2/19,投信,2356,487,2940,485,-584,2,1496,2395,3102,440,-1606,1955
2014/2/19,外資及陸資,52674,34696,47410,35119,5264,-423,239778,50317,258151,41175,-18373,9142
2014/2/20,自營商,218028,39542,232192,38649,-14164,893,205347,16639,199767,14609,5580,2031
2014/2/20,投信,69,106,163,260,-94,-154,1411,2234,3111,444,-1700,1789
2014/2/20,外資及陸資,70314,48843,72892,52041,-2578,-3198,253990,50996,274902,45238,-20912,5757
2014/2/21,自營商,217097,26690,193263,26934,23834,-244,230216,16540,200982,14817,29234,1722
2014/2/21,投信,233,378,67,101,166,277,1568,2528,3102,442,-1534,2085
2014/2/21,外資及陸資,72668,37848,53676,32193,18992,5655,280175,55565,282556,43864,-2381,11701
2014/2/24,自營商,198242,23109,196979,25999,1263,-2890,255893,15213,225396,16349,30497,-1136
2014/2/24,投信,48,80,171,255,-123,-175,1484,2381,3141,478,-1657,1903
2014/2/24,外資及陸資,47640,35590,53370,34815,-5730,775,282510,56033,290149,43697,-7639,12335
2014/2/25,自營商,157757,19311,150297,20021,7460,-710,278020,16211,240063,18094,37957,-1883
2014/2/25,投信,63,106,66,105,-3,1,1486,2394,3146,485,-1660,1909
2014/2/25,外資及陸資,35852,27140,29251,23152,6601,3988,290015,60135,291143,43704,-1128,16431
2014/2/26,自營商,222664,29325,194064,29030,28600,295,259656,18640,213236,20224,46420,-1584
2014/2/26,投信,127,194,703,169,-576,25,1491,2411,3127,469,-1636,1941
2014/2/26,外資及陸資,55633,38833,43719,29893,11914,8940,301687,69737,288626,44211,13061,25527
2014/2/27,自營商,132903,21137,136814,20033,-3911,1104,277013,20626,234534,21130,42479,-504
2014/2/27,投信,133,213,41,60,92,153,1584,2569,3128,472,-1544,2098
2014/2/27,外資及陸資,42903,31885,36939,28459,5964,3426,310161,72119,291280,43063,18881,29056
2014/3/3,自營商,238794,43146,275374,42947,-36580,199,292813,20226,286965,20478,5848,-251
2014/3/3,投信,113,178,650,412,-537,-234,1496,2395,3577,543,-2081,1853
2014/3/3,外資及陸資,63978,46855,76264,57100,-12286,-10245,310939,65646,304215,47207,6724,18440
2014/3/4,自營商,162375,22488,171144,23079,-8769,-591,300438,19089,303382,19913,-2944,-823
2014/3/4,投信,487,146,110,174,377,-28,1446,2315,3150,492,-1704,1822
2014/3/4,外資及陸資,40395,31459,45976,36263,-5581,-4804,311052,60247,309829,46658,1223,13588
2014/3/5,自營商,190054,22510,155901,21833,34153,677,282019,20168,261961,20405,20058,-237
2014/3/5,投信,241,409,681,138,-440,271,1584,2566,3128,459,-1544,2107
2014/3/5,外資及陸資,48040,33208,36995,28928,11045,4280,316930,62260,303271,44104,13659,18156
2014/3/6,自營商,289528,38606,266243,30988,23285,7618,342858,27950,299827,20604,43031,7347
2014/3/6,投信,219,338,509,76,-290,262,1720,2818,3554,431,-1834,2386
2014/3/6,外資及陸資,83785,50775,67528,38943,16257,11832,338666,71927,309200,41530,29466,30397
2014/3/7,自營商,365452,41092,375474,40197,-10022,895,360545,29735,327557,21507,32988,8228
2014/3/7,投信,415,262,244,393,171,-131,1645,2694,3308,436,-1663,2258
2014/3/7,外資及陸資,105683,55525,88753,50325,16930,5200,365354,76963,318918,41317,46436,35645
2014/3/10,自營商,203762,22816,204810,28006,-1048,-5190,378549,26030,346573,22995,31976,3034
2014/3/10,投信,72,106,150,221,-78,-115,1602,2609,3343,472,-1741,2137
2014/3/10,外資及陸資,49461,32481,53253,36758,-3792,-4277,364271,73135,321607,41949,42664,31186
2014/3/11,自營商,192597,24316,187725,25187,4872,-871,390480,27350,353632,25204,36848,2146
2014/3/11,投信,105,174,99,157,6,17,1615,2643,3350,481,-1735,2162
2014/3/11,外資及陸資,46040,33607,48245,36004,-2205,-2397,367512,73265,327061,44218,40451,29047
2014/3/12,自營商,248303,32293,276822,34868,-28519,-2575,329468,24659,324868,25061,4600,-401
2014/3/12,投信,124,185,755,260,-631,-75,1565,2538,3332,460,-1767,2077
2014/3/12,外資及陸資,46473,33477,59247,42146,-12774,-8669,359281,67533,329266,47495,30015,20038
2014/3/13,自營商,300651,40649,282507,37104,18144,3545,362494,31011,339693,27937,22801,3074
2014/3/13,投信,379,638,185,310,194,328,1742,2869,3315,446,-1573,2422
2014/3/13,外資及陸資,89906,48900,75388,42035,14518,6865,384927,76126,340626,48740,44301,27386
2014/3/14,自營商,187397,23989,204722,23906,-17325,83,363952,28613,358563,25416,5389,3196
2014/3/14,投信,251,431,375,646,-124,-215,1619,2638,3316,441,-1697,2197
2014/3/14,外資及陸資,48333,33788,67026,39653,-18693,-5865,386219,73821,360326,52637,25893,21183
2014/3/17,自營商,196852,33453,192670,30460,4182,2993,375883,29116,365811,22909,10072,6207
2014/3/17,投信,349,590,439,728,-90,-138,1555,2536,3342,476,-1787,2061
2014/3/17,外資及陸資,73290,74783,95051,80197,-21761,-5414,382189,68659,378116,52898,4073,15761
2014/3/18,自營商,206732,29731,198385,25395,8347,4336,391622,33466,373521,22944,18101,10522
2014/3/18,投信,659,1052,550,882,109,170,1631,2672,3309,437,-1678,2236
2014/3/18,外資及陸資,76615,76211,77373,81162,-758,-4951,391121,74207,387767,63270,3354,10937
2014/3/19,自營商,237632,42647,251842,45822,-14210,-3175,142505,11688,137294,16720,5211,-5032
2014/3/19,投信,288,430,3103,753,-2815,-323,1251,2025,3181,540,-1930,1485
2014/3/19,外資及陸資,69248,56557,65322,61167,3926,-4610,223964,55220,208845,41755,15119,13465
2014/3/20,自營商,231100,35351,251880,35936,-20780,-585,175122,12057,190838,17573,-15716,-5516
2014/3/20,投信,72,102,469,514,-397,-412,1213,1934,3540,876,-2327,1058
2014/3/20,外資及陸資,65390,40048,99220,55680,-33830,-15632,225206,45002,243777,47461,-18571,-2459
2014/3/21,自營商,185294,24480,186059,23630,-765,850,204948,13229,221561,17899,-16613,-4670
2014/3/21,投信,73,113,381,485,-308,-372,1189,1902,3824,1216,-2635,687
2014/3/21,外資及陸資,46084,30934,46505,27592,-421,3342,231572,46446,250585,45570,-19013,876
2014/3/24,自營商,255442,37713,249047,38371,6395,-658,235738,12753,246310,18119,-10572,-5366
2014/3/24,投信,165,249,108,181,57,68,1215,1942,3793,1185,-2578,757
2014/3/24,外資及陸資,86874,54174,83437,49293,3437,4881,246642,49962,262185,44138,-15543,5823
2014/3/25,自營商,270753,40221,248704,35497,22049,4724,271248,17442,259762,18182,11486,-741
2014/3/25,投信,346,569,33,51,313,518,1333,2137,3598,856,-2265,1281
2014/3/25,外資及陸資,56477,41591,49914,35907,6563,5684,256899,54412,266041,42754,-9142,11659
2014/3/26,自營商,272958,38452,234079,34013,38879,4439,243942,21554,210299,17861,33643,3693
2014/3/26,投信,229,383,666,101,-437,282,1485,2416,3587,845,-2102,1571
2014/3/26,外資及陸資,55041,36396,47416,31663,7625,4733,264688,58019,267115,41480,-2427,16539
2014/3/27,自營商,227067,29479,222059,26915,5008,2564,289920,26691,251236,20436,38684,6256
2014/3/27,投信,115,190,92,135,23,55,1525,2507,3604,874,-2079,1632
2014/3/27,外資及陸資,67898,46146,47639,36929,20259,9217,287460,66950,269745,40986,17715,25964
2014/3/28,自營商,221352,23853,204352,26911,17000,-3058,329470,25362,273735,22133,55735,3228
2014/3/28,投信,315,89,461,191,-146,-102,1463,2402,3688,875,-2225,1527
2014/3/28,外資及陸資,60001,34659,55087,37802,4914,-3143,299938,65685,277261,42956,22677,22729
2014/3/31,自營商,218300,30809,223709,21303,-5409,9506,330878,31438,280546,18730,50332,12709
2014/3/31,投信,420,279,367,176,53,103,1525,2524,3697,886,-2172,1638
2014/3/31,外資及陸資,49867,34387,46804,38088,3063,-3701,304028,63477,278270,44185,25758,19292
2014/4/1,自營商,263159,27042,245097,27931,18062,-889,344245,31890,275851,20053,68394,11837
2014/4/1,投信,189,304,65,106,124,198,1625,2686,3673,843,-2048,1843
2014/4/1,外資及陸資,53743,46545,49794,36456,3949,10089,311005,70076,281487,40489,29518,29587
2014/4/2,自營商,303773,29549,293983,29071,9790,478,305851,32022,248892,19847,56959,12175
2014/4/2,投信,303,533,710,174,-407,359,1575,2622,3430,417,-1855,2206
2014/4/2,外資及陸資,65193,35143,64203,39630,990,-4487,309514,65525,282500,39961,27014,25564
2014/4/3,自營商,161521,19048,168823,18258,-7302,790,324054,33981,274382,21004,49672,12977
2014/4/3,投信,104,175,70,95,34,80,1612,2710,3433,421,-1821,2289
2014/4/3,外資及陸資,41196,32207,40165,27816,1031,4391,318823,70175,290735,40194,28088,29981
2014/4/7,自營商,205985,22766,188913,28619,17072,-5853,338682,28309,271935,21214,66747,7095
2014/4/7,投信,92,139,102,152,-10,-13,1608,2700,3439,424,-1831,2275
2014/4/7,外資及陸資,48381,37688,62268,30311,-13887,7377,323928,76629,309673,39305,14255,37323
2014/4/8,自營商,219818,26923,222924,25253,-3106,1670,351794,30546,288183,21754,63611,8792
2014/4/8,投信,72,101,84,130,-12,-29,1598,2683,3441,432,-1843,2251
2014/4/8,外資及陸資,50263,37852,52511,37914,-2248,-62,323351,73838,311374,36422,11977,37416
2014/4/9,自營商,191608,21063,188425,17896,3183,3167,329893,33698,271149,21773,58744,11924
2014/4/9,投信,403,239,911,99,-508,140,1679,2814,3430,420,-1751,2394
2014/4/9,外資及陸資,37580,27861,42852,28107,-5272,-246,327251,75542,317959,38286,9292,37256
2014/4/10,自營商,256681,31646,268803,26699,-12122,4947,353487,38334,307234,21450,46253,16884
2014/4/10,投信,246,421,372,633,-126,-212,1558,2613,3435,428,-1877,2185
2014/4/10,外資及陸資,59336,44343,67606,47885,-8270,-3542,336131,75588,334899,41837,1232,33751
2014/4/11,自營商,279153,37730,294658,42988,-15505,-5258,372173,35382,340696,23812,31477,11571
2014/4/11,投信,489,834,688,1141,-199,-307,1596,2661,3672,789,-2076,1872
2014/4/11,外資及陸資,69668,67908,78344,63004,-8676,4904,347010,82026,354407,43651,-7397,38375
2014/4/14,自營商,178628,25135,195041,27718,-16413,-2583,376155,35734,361094,26767,15061,8966
2014/4/14,投信,371,630,526,877,-155,-247,1452,2426,3680,798,-2228,1628
2014/4/14,外資及陸資,69310,74517,74735,74647,-5425,-130,354644,92591,367448,54445,-12804,38147
2014/4/15,自營商,232192,34237,223649,31222,8543,3015,410316,41736,386448,29740,23868,11996
2014/4/15,投信,381,618,324,519,57,99,1496,2504,3667,772,-2171,1733
2014/4/15,外資及陸資,76970,78627,80349,72947,-3379,5680,368799,101941,384583,57812,-15784,44129
2014/4/16,自營商,311663,46972,285840,43969,25823,3003,210512,18751,174031,20561,36481,-1810
2014/4/16,投信,325,440,2980,447,-2655,-7,1217,2014,3468,349,-2251,1665
2014/4/16,外資及陸資,69765,55422,72660,65621,-2895,-10199,246062,67965,238426,33043,7636,34923
2014/4/17,自營商,205610,26442,217256,22577,-11646,3865,248712,21779,223910,19751,24802,2028
2014/4/17,投信,171,280,113,199,58,81,1291,2131,3484,382,-2193,1750
2014/4/17,外資及陸資,58268,37114,54328,35634,3940,1480,261903,69045,250533,32504,11370,36541
2014/4/18,自營商,197321,19511,200054,20278,-2733,-767,260313,22510,238325,21243,21988,1267
2014/4/18,投信,65,112,109,172,-44,-60,1247,2077,3484,383,-2237,1694
2014/4/18,外資及陸資,47829,25770,45671,29397,2158,-3627,267181,67822,253731,34744,13450,33078
2014/4/21,自營商,114539,11894,119432,9483,-4893,2411,269483,23826,252421,20167,17062,3659
2014/4/21,投信,102,158,45,60,57,98,1304,2177,3484,383,-2180,1794
2014/4/21,外資及陸資,25214,18018,24407,16288,807,1730,272009,69335,257746,34493,14263,34842
2014/4/22,自營商,189775,20043,179350,20667,10425,-624,285545,22663,258214,19611,27331,3052
2014/4/22,投信,98,165,84,134,14,31,1327,2224,3493,393,-2166,1831
2014/4/22,外資及陸資,40333,33325,41393,28022,-1060,5303,277481,74900,264464,34585,13017,40315
2014/4/23,自營商,283052,24582,283984,26886,-932,-2304,251982,20183,229127,19741,22855,441
2014/4/23,投信,64,104,776,278,-712,-174,1238,2068,3516,415,-2278,1653
2014/4/23,外資及陸資,49534,37377,50059,42362,-525,-4985,282896,73089,270582,37645,12314,35444
2014/4/24,自營商,157881,14434,146673,14918,11208,-484,286796,20485,253060,20537,33736,-52
2014/4/24,投信,64,106,140,233,-76,-127,1193,1990,3547,462,-2354,1528
2014/4/24,外資及陸資,38913,29291,38507,26202,406,3089,289875,77012,277260,38378,12615,38634
2014/4/25,自營商,503088,58402,550277,67210,-47189,-8808,289722,18590,303148,27141,-13426,-8551
2014/4/25,投信,312,67,334,581,-22,-514,1100,1786,3476,801,-2376,986
2014/4/25,外資及陸資,137299,82568,150812,97220,-13513,-14652,293518,66191,294230,43155,-712,23037
2014/4/28,自營商,417496,43579,398591,45854,18905,-2275,330575,19538,325516,30530,5059,-10993
2014/4/28,投信,211,341,114,187,97,154,1130,1851,3409,700,-2279,1151
2014/4/28,外資及陸資,105490,74664,97614,61747,7876,12917,302366,76847,295481,40416,6885,36432
2014/4/29,自營商,275930,31775,263378,30369,12552,1406,349472,21274,331954,30929,17518,-9655
2014/4/29,投信,164,259,29,44,135,215,1164,1907,3308,537,-2144,1370
2014/4/29,外資及陸資,54631,42132,52921,44992,1710,-2860,305090,74546,296519,40881,8571,33665
2014/4/30,自營商,366453,44398,378448,44246,-11995,152,301868,21704,301588,31142,280,-9437
2014/4/30,投信,966,238,304,402,662,-164,1141,1859,2623,668,-1482,1191
2014/4/30,外資及陸資,86210,60083,88762,64798,-2552,-4715,305852,70395,294726,41757,11126,28638
2014/5/2,自營商,241556,30215,231065,27174,10491,3041,325808,23993,314692,30602,11116,-6609
2014/5/2,投信,445,385,86,149,359,236,1247,2038,2370,600,-1123,1439
2014/5/2,外資及陸資,79603,55649,65846,46334,13757,9315,319599,77321,294725,38906,24874,38415
2014/5/5,自營商,240331,34017,270126,31093,-29795,2924,324232,27261,342902,30941,-18670,-3680
2014/5/5,投信,310,184,121,184,189,0,1248,2051,2182,613,-934,1438
2014/5/5,外資及陸資,55182,42146,66237,52254,-11055,-10108,314445,67477,300398,39229,14047,28248
2014/5/6,自營商,305966,35434,286295,34934,19671,500,351315,28278,350341,31531,974,-3253
2014/5/6,投信,724,239,406,160,318,79,1326,2188,1942,663,-616,1525
2014/5/6,外資及陸資,64639,47610,61508,45778,3131,1832,319524,71434,302520,41152,17004,30282
2014/5/7,自營商,280676,33599,299481,32333,-18805,1266,307940,27057,333688,29112,-25748,-2055
2014/5/7,投信,258,93,169,279,89,-186,1223,2006,1750,673,-527,1333
2014/5/7,外資及陸資,71407,65720,76825,68207,-5418,-2487,319746,71351,310352,43662,9394,27689
2014/5/8,自營商,255702,29782,243848,26171,11854,3611,339853,30125,353738,28608,-13885,1517
2014/5/8,投信,356,252,253,117,103,135,1325,2178,1749,704,-424,1474
2014/5/8,外資及陸資,70974,60059,65393,56728,5581,3331,327149,74586,312207,43369,14942,31217
2014/5/9,自營商,221112,24174,241778,23125,-20666,1049,348675,30257,383178,27647,-34503,2611
2014/5/9,投信,232,56,242,255,-10,-199,1227,2024,1661,755,-434,1269
2014/5/9,外資及陸資,52093,40367,64929,52828,-12836,-12461,324264,68462,321762,49895,2502,18566
2014/5/12,自營商,264697,26425,279913,27904,-15216,-1479,361043,29630,410762,28455,-49719,1175
2014/5/12,投信,255,88,272,442,-17,-354,1091,1786,1542,876,-451,910
2014/5/12,外資及陸資,70045,54699,75578,54766,-5533,-67,323147,68313,326166,49894,-3019,18419
2014/5/13,自營商,328423,25676,297689,30637,30734,-4961,400113,29125,418981,32900,-18868,-3775
2014/5/13,投信,312,189,165,281,147,-92,1133,1862,1437,1043,-304,819
2014/5/13,外資及陸資,66342,53319,56597,45514,9745,7805,331413,74855,324681,48618,6732,26237
2014/5/14,自營商,344982,34749,313294,34515,31688,234,373690,30351,362255,33831,11435,-3481
2014/5/14,投信,362,253,72,125,290,128,1185,1957,1199,1004,-14,952
2014/5/14,外資及陸資,76101,54339,60782,44025,15319,10314,345274,82812,323642,46179,21632,36633
2014/5/15,自營商,173920,20099,182581,16580,-8661,3519,377747,31088,374865,31042,2882,45
2014/5/15,投信,644,144,80,136,564,8,1202,1972,652,1011,550,961
2014/5/15,外資及陸資,43482,33744,52510,40752,-9028,-7008,344006,77647,331357,48060,12649,29587
2014/5/16,自營商,270706,36127,291035,34258,-20329,1869,375911,31047,393322,29127,-17411,1920
2014/5/16,投信,113,188,369,630,-256,-442,1095,1791,801,1274,294,517
2014/5/16,外資及陸資,66151,57210,72276,58433,-6125,-1223,348969,80556,342397,52252,6572,28304
2014/5/19,自營商,206950,28385,220203,22554,-13253,5831,385837,36992,416744,29236,-30907,7757
2014/5/19,投信,706,1211,620,1071,86,140,1132,1848,752,1190,380,658
2014/5/19,外資及陸資,78261,80304,75721,79673,2540,631,357073,85045,347987,56050,9086,28994
2014/5/20,自營商,250875,29323,233253,32739,17622,-3416,402562,36790,415460,32431,-12898,4359
2014/5/20,投信,564,943,541,895,23,48,1124,1843,737,1164,387,678
2014/5/20,外資及陸資,86768,75508,73847,68862,12921,6646,383146,98867,361267,63175,21879,35692
2014/5/21,自營商,292821,39044,292240,45550,581,-6506,173383,14464,170615,18982,2768,-4518
2014/5/21,投信,767,939,3511,742,-2744,197,1407,1997,3475,757,-2068,1240
2014/5/21,外資及陸資,69972,55806,65654,61207,4318,-5401,264939,71443,258944,34396,5995,37047
2014/5/22,自營商,310847,38434,305394,33921,5453,4513,212854,19393,204568,19460,8286,-67
2014/5/22,投信,396,613,81,142,315,471,1724,2510,3477,784,-1753,1726
2014/5/22,外資及陸資,91724,53494,69719,42291,22005,11203,292583,82004,265017,32995,27566,49009
2014/5/23,自營商,278932,24959,264798,26757,14134,-1798,243932,20216,221788,22091,22144,-1875
2014/5/23,投信,156,270,117,129,39,141,1733,2613,3447,737,-1714,1876
2014/5/23,外資及陸資,69613,39370,65811,38408,3802,962,308375,86157,276991,35776,31384,50381
2014/5/26,自營商,228135,19556,218701,17675,9434,1881,263294,21625,231722,21643,31572,-18
2014/5/26,投信,77,137,68,111,9,26,1732,2630,3437,722,-1705,1908
2014/5/26,外資及陸資,44625,24715,47113,28045,-2488,-3330,310770,84187,281877,36931,28893,47256
2014/5/27,自營商,175380,15615,168895,15977,6485,-362,284977,21389,246923,21821,38054,-432
2014/5/27,投信,52,94,156,91,-104,3,1744,2657,3553,744,-1809,1913
2014/5/27,外資及陸資,43136,33329,48867,33432,-5731,-103,311637,85684,288435,38413,23202,47271
2014/5/28,自營商,361487,32194,327281,32664,34206,-470,268196,23356,231882,24150,36314,-794
2014/5/28,投信,349,247,313,189,36,58,1778,2731,3551,748,-1773,1983
2014/5/28,外資及陸資,83194,52150,74006,46569,9188,5581,321433,91186,292507,37765,28926,53421
2014/5/29,自營商,208735,22713,230543,20227,-21808,2486,288753,23464,274345,21767,14408,1696
2014/5/29,投信,31,16,103,133,-72,-117,1747,2631,3592,768,-1845,1863
2014/5/29,外資及陸資,62902,33782,72764,45081,-9862,-11299,325606,86680,306371,44736,19235,41944
2014/5/30,自營商,250996,23505,245126,25792,5870,-2287,307798,22892,287351,23478,20447,-586
2014/5/30,投信,61,81,489,702,-428,-621,1668,2463,3943,1226,-2275,1237
2014/5/30,外資及陸資,63708,39940,65077,40083,-1369,-143,332435,87371,314561,45782,17874,41589
2014/6/3,自營商,310163,30597,320684,29034,-10521,1563,314146,21575,304292,20619,9854,955
2014/6/3,投信,125,203,249,251,-124,-48,1655,2443,4054,1253,-2399,1190
2014/6/3,外資及陸資,58711,40079,61822,45330,-3111,-5251,332717,80885,317813,44422,14904,36463
2014/6/4,自營商,220468,17877,205628,20025,14840,-2148,304546,21145,279078,22295,25468,-1150
2014/6/4,投信,295,89,343,75,-48,14,1694,2437,4141,1234,-2447,1203
2014/6/4,外資及陸資,46894,28783,43087,26062,3807,2721,343510,80862,324872,41686,18638,39175
2014/6/5,自營商,208348,28177,232339,22615,-23991,5562,322072,22500,320550,18120,1522,4381
2014/6/5,投信,116,170,70,51,46,119,1739,2558,4140,1235,-2401,1323
2014/6/5,外資及陸資,44565,31138,48299,35065,-3734,-3927,344737,77351,329758,42014,14979,35337
2014/6/6,自營商,241263,22577,237189,20991,4074,1586,337794,24342,332081,18338,5713,6005
2014/6/6,投信,109,198,196,290,-87,-92,1653,2461,4141,1230,-2488,1232
2014/6/6,外資及陸資,36710,25323,45091,28306,-8381,-2983,341734,75170,335090,42769,6644,32402
2014/6/9,自營商,179771,17447,185729,15241,-5958,2206,342948,26648,343132,18481,-184,8167
2014/6/9,投信,84,109,21,34,63,75,1698,2514,4123,1206,-2425,1308
2014/6/9,外資及陸資,35765,24618,31726,21913,4039,2705,347943,77236,337293,42002,10650,35234
2014/6/10,自營商,314413,30623,300820,29744,13593,879,372526,29321,359096,20238,13430,9082
2014/6/10,投信,269,378,68,81,201,297,1887,2804,4111,1197,-2224,1607
2014/6/10,外資及陸資,58533,35934,61579,33564,-3046,2370,356664,80743,349131,42898,7533,37845
2014/6/11,自營商,207397,23505,219938,18759,-12541,4746,343790,33498,346072,19607,-2282,13891
2014/6/11,投信,577,122,592,154,-15,-32,2179,2790,4418,1212,-2239,1578
2014/6/11,外資及陸資,35050,20551,41932,24389,-6882,-3838,352504,76964,353882,42804,-1378,34160
2014/6/12,自營商,182658,20723,188876,18804,-6218,1919,366390,35760,374683,19949,-8293,15811
2014/6/12,投信,173,222,242,322,-69,-100,2160,2720,4468,1243,-2308,1477
2014/6/12,外資及陸資,35562,21679,44431,23417,-8869,-1738,355523,75814,365709,43458,-10186,32356
2014/6/13,自營商,224862,28519,234882,29381,-10020,-862,386063,34882,404114,19947,-18051,14935
2014/6/13,投信,493,303,235,242,258,61,2220,2784,4270,1246,-2050,1538
2014/6/13,外資及陸資,48733,40475,57177,42845,-8444,-2370,356433,76243,375102,46299,-18669,29944
2014/6/16,自營商,179248,23990,167422,22685,11826,1305,401347,37894,407395,21709,-6048,16185
2014/6/16,投信,565,985,504,871,61,114,2270,2879,4258,1224,-1988,1655
2014/6/16,外資及陸資,58585,66366,66273,66855,-7688,-489,362720,85727,389064,56207,-26344,29520
2014/6/17,自營商,300078,31542,272442,35737,27636,-4195,416258,38340,394741,26330,21517,12010
2014/6/17,投信,964,1302,620,1092,344,210,2624,3118,4268,1248,-1644,1870
2014/6/17,外資及陸資,65284,65106,67241,65576,-1957,-470,374437,99197,402584,69830,-28147,29367
2014/6/18,自營商,440377,60713,451320,63368,-10943,-2655,179508,13378,219622,20252,-40114,-6874
2014/6/18,投信,1268,1210,3343,832,-2075,378,2072,2488,3051,584,-979,1904
2014/6/18,外資及陸資,87233,65505,86810,70686,423,-5181,206461,62379,233146,41825,-26685,20555
2014/6/19,自營商,232405,27547,238013,25956,-5608,1591,199391,17058,245145,22414,-45754,-5356
2014/6/19,投信,188,336,205,190,-17,146,2175,2685,3171,625,-996,2060
2014/6/19,外資及陸資,54655,32101,59030,32610,-4375,-509,214082,65715,245267,45442,-31185,20274
2014/6/20,自營商,208819,28046,234370,25595,-25551,2451,212921,19399,284211,22185,-71290,-2787
2014/6/20,投信,341,139,280,311,61,-172,2263,2516,3198,637,-935,1879
2014/6/20,外資及陸資,43176,33088,53529,43061,-10353,-9973,210889,59310,252183,49160,-41294,10150
2014/6/23,自營商,263564,29469,259618,31555,3946,-2086,228501,18195,295549,22943,-67048,-4749
2014/6/23,投信,242,387,130,207,112,180,2373,2676,3196,619,-823,2057
2014/6/23,外資及陸資,62267,41028,54300,35910,7967,5118,223326,66664,256744,51447,-33418,15217
2014/6/24,自營商,208525,22467,195519,20863,13006,1604,238312,17989,292781,21174,-54469,-3185
2014/6/24,投信,142,194,86,151,56,43,2450,2759,3217,658,-767,2102
2014/6/24,外資及陸資,40178,30372,46438,34593,-6260,-4221,228705,68884,268283,57887,-39578,10997
2014/6/25,自營商,249094,23038,239157,24143,9937,-1105,209464,17530,269052,21755,-59588,-4226
2014/6/25,投信,618,205,550,85,68,120,2533,2901,3232,683,-699,2218
2014/6/25,外資及陸資,41114,29506,43701,27297,-2587,2209,232987,71739,276099,58636,-43112,13104
2014/6/26,自營商,274274,32620,255824,30570,18450,2050,235276,21588,278107,23888,-42831,-2300
2014/6/26,投信,296,526,132,155,164,371,2739,3300,3274,695,-535,2605
2014/6/26,外資及陸資,56540,37424,53522,31715,3018,5709,245870,81722,286114,62653,-40244,19069
2014/6/27,自營商,186185,20011,193301,18925,-7116,1086,238613,21603,288421,22735,-49808,-1132
2014/6/27,投信,180,228,171,289,9,-61,2726,3223,3252,685,-526,2538
2014/6/27,外資及陸資,47476,27085,50185,30899,-2709,-3814,246508,78139,289674,63106,-43166,15033
2014/6/30,自營商,331309,30645,311226,31941,20083,-1296,267976,24137,297684,26557,-29708,-2420
2014/6/30,投信,257,451,76,120,181,331,2925,3602,3270,711,-345,2891
2014/6/30,外資及陸資,78978,41340,73275,34033,5703,7307,255897,86575,294440,63914,-38543,22660
2014/7/1,自營商,465499,42460,475497,42631,-9998,-171,309358,24082,349087,26654,-39729,-2573
2014/7/1,投信,286,321,397,192,-111,129,2937,3755,3393,713,-456,3042
2014/7/1,外資及陸資,87494,44917,89636,50923,-2142,-6006,266522,85625,307021,68465,-40499,17161
2014/7/2,自營商,824315,82592,848740,78063,-24425,4529,274727,28612,364876,26704,-90149,1908
2014/7/2,投信,818,461,927,774,-109,-313,2992,3746,3559,1018,-567,2728
2014/7/2,外資及陸資,151697,93737,165603,105055,-13906,-11318,270342,77189,326526,71131,-56184,6058
2014/7/3,自營商,419553,42304,410004,44361,9549,-2057,304112,29382,383652,29116,-79540,266
2014/7/3,投信,355,641,128,229,227,412,3235,4212,3575,1061,-340,3151
2014/7/3,外資及陸資,90007,59209,90324,54740,-317,4469,280551,83420,337131,72657,-56580,10763
2014/7/4,自營商,390760,39140,435963,35598,-45203,3542,322707,32670,447717,29302,-125010,3368
2014/7/4,投信,155,256,132,191,23,65,3299,4308,3616,1092,-317,3216
2014/7/4,外資及陸資,92856,54973,95685,64652,-2829,-9679,286561,77639,345807,76549,-59246,1090
2014/7/7,自營商,343508,34377,362559,37515,-19051,-3138,340976,30314,484854,30094,-143878,220
2014/7/7,投信,139,233,91,165,48,68,3341,4370,3610,1086,-269,3284
2014/7/7,外資及陸資,66670,43049,59735,37075,6935,5974,295971,83769,348371,76716,-52400,7053
2014/7/8,自營商,321707,32699,323762,35173,-2055,-2474,360254,31452,504330,33521,-144076,-2069
2014/7/8,投信,216,350,197,323,19,27,3479,4620,3729,1302,-250,3318
2014/7/8,外資及陸資,67758,50433,62285,44178,5473,6255,307209,92904,354264,79538,-47055,13366
2014/7/9,自營商,344908,32509,342201,34109,2707,-1600,313238,29809,453533,33370,-140295,-3561
2014/7/9,投信,677,202,609,146,68,56,3531,4695,3763,1326,-232,3369
2014/7/9,外資及陸資,61057,50621,66137,51779,-5080,-1158,303103,92231,355017,80154,-51914,12077
2014/7/10,自營商,404045,52137,398596,46187,5449,5950,339204,37241,476489,35171,-137285,2070
2014/7/10,投信,293,315,201,247,92,68,3570,4811,3710,1348,-140,3462
2014/7/10,外資及陸資,89189,52961,94225,53724,-5036,-763,318791,95434,375996,83817,-57205,11618
2014/7/11,自營商,572373,67257,591409,69461,-19036,-2204,347141,38217,503523,38236,-156382,-19
2014/7/11,投信,849,1150,419,695,430,455,4070,5371,3780,1472,290,3899
2014/7/11,外資及陸資,132849,103678,141599,115826,-8750,-12148,316819,84056,384621,84818,-67802,-762
2014/7/14,自營商,295034,40355,270873,34564,24161,5791,354846,42114,489239,36477,-134393,5637
2014/7/14,投信,1067,1934,893,1433,174,501,4281,5847,3817,1435,464,4413
2014/7/14,外資及陸資,87113,98227,86334,96544,779,1683,327631,100791,394780,99874,-67149,917
2014/7/15,自營商,384396,46239,404930,47211,-20534,-972,354340,42159,507717,37465,-153377,4694
2014/7/15,投信,1004,1792,889,1526,115,266,4430,6112,3851,1419,579,4693
2014/7/15,外資及陸資,98292,93102,103261,101477,-4969,-8375,326764,95478,398765,102912,-72001,-7434
2014/7/16,自營商,449057,65348,459186,70441,-10129,-5093,150171,25357,315573,30113,-165402,-4756
2014/7/16,投信,3517,2864,3121,2479,396,385,4916,5435,2432,1335,2484,4100
2014/7/16,外資及陸資,96243,68689,103565,72166,-7322,-3477,236702,69429,305867,73800,-69165,-4371
2014/7/17,自營商,316248,50950,355927,53741,-39679,-2791,187753,28422,392458,35944,-204705,-7522
2014/7/17,投信,123,189,205,342,-82,-153,4905,5365,2503,1441,2402,3924
2014/7/17,外資及陸資,90523,61753,101235,68198,-10712,-6445,243242,67253,323309,78229,-80067,-10977
2014/7/18,自營商,306581,40483,304251,42220,2330,-1737,229440,29292,431421,38522,-201981,-9231
2014/7/18,投信,171,297,159,136,12,161,4962,5455,2548,1378,2414,4078
2014/7/18,外資及陸資,94101,60457,85625,52441,8476,8016,263629,77927,335425,80931,-71796,-3005
2014/7/21,自營商,241014,31503,258900,28790,-17886,2713,232577,30704,447492,36965,-214915,-6261
2014/7/21,投信,136,242,323,280,-187,-38,4928,5414,2701,1363,2227,4051
2014/7/21,外資及陸資,64553,36846,64473,38622,80,-1776,264257,77784,335967,82474,-71710,-4690
2014/7/22,自營商,291355,39145,277218,42345,14137,-3200,250240,31677,455597,41177,-205357,-9499
2014/7/22,投信,210,376,174,272,36,104,4950,5520,2687,1338,2263,4182
2014/7/22,外資及陸資,81404,58516,72238,49512,9166,9004,277374,90254,340094,85761,-62720,4494
2014/7/24,自營商,329756,44196,328985,32207,771,11989,220916,37033,424282,34659,-203366,2374
2014/7/24,投信,782,306,737,211,45,95,5006,5653,2698,1360,2308,4293
2014/7/24,外資及陸資,62865,43318,73360,49573,-10495,-6255,271483,85283,345592,87115,-74109,-1832
2014/7/25,自營商,344277,45837,363737,48485,-19460,-2648,250399,33931,472491,34113,-222092,-182
2014/7/25,投信,128,182,190,334,-62,-152,4938,5437,2708,1360,2230,4077
2014/7/25,外資及陸資,86563,60735,105214,75622,-18651,-14887,272036,77524,364578,94423,-92542,-16899
2014/7/28,自營商,322414,37270,323173,41589,-759,-4319,272440,32134,495544,36649,-223104,-4515
2014/7/28,投信,525,374,230,373,295,1,5229,5446,2704,1370,2525,4076
2014/7/28,外資及陸資,88760,77278,85649,67880,3111,9398,281177,88139,370587,95693,-89410,-7555
2014/7/29,自營商,391431,51776,414426,51926,-22995,-150,281814,34279,528529,38808,-246715,-4529
2014/7/29,投信,152,219,449,595,-297,-376,5143,5448,2915,1760,2228,3688
2014/7/29,外資及陸資,105945,73642,98589,81555,7356,-7913,298289,88386,380198,103810,-81909,-15425
2014/7/30,自營商,347263,47344,314725,47426,32538,-82,258708,35585,477694,40183,-218986,-4598
2014/7/30,投信,870,345,760,178,110,167,5112,5503,2844,1630,2268,3873
2014/7/30,外資及陸資,69125,51837,51832,40245,17293,11592,313977,100219,377358,104080,-63381,-3860
2014/7/31,自營商,373477,68441,426503,67765,-53026,676,267977,38984,538222,42621,-270245,-3637
2014/7/31,投信,252,410,395,713,-143,-303,5093,5370,2969,1849,2124,3521
2014/7/31,外資及陸資,82542,41941,109812,65725,-27270,-23784,301654,84983,389857,109098,-88203,-24115
2014/8/1,自營商,344456,47817,352632,44388,-8176,3429,284826,42075,567893,42441,-283067,-366
2014/8/1,投信,149,168,423,497,-274,-329,5105,5299,3255,2121,1850,3178
2014/8/1,外資及陸資,87470,51176,94533,49280,-7063,1896,308962,89045,404524,111199,-95562,-22155
2014/8/4,自營商,244091,35968,262974,32160,-18883,3808,289779,43013,591290,39612,-301511,3401
2014/8/4,投信,321,587,80,145,241,442,5091,5293,3000,1660,2091,3633
2014/8/4,外資及陸資,56193,36360,60178,41155,-3985,-4795,310905,85340,410666,112267,-99761,-26927
2014/8/5,自營商,599280,79887,653599,76706,-54319,3181,309937,50009,660330,42967,-350393,7042
2014/8/5,投信,342,243,393,647,-51,-404,5260,5231,3220,2071,2040,3160
2014/8/5,外資及陸資,133481,66596,158556,82525,-25075,-15929,300299,72188,424844,114862,-124545,-42674
2014/8/6,自營商,520276,48415,524800,59531,-4524,-11116,288112,39793,631449,43620,-343337,-3826
2014/8/6,投信,865,218,192,254,673,-36,5402,5330,2689,2208,2713,3123
2014/8/6,外資及陸資,114073,67536,108739,52553,5334,14983,299245,81730,410949,109558,-111704,-27828
2014/8/7,自營商,293451,36384,286788,33839,6663,2545,298349,40626,642417,42243,-344068,-1616
2014/8/7,投信,126,122,172,295,-46,-173,5335,5222,2668,2273,2667,2948
2014/8/7,外資及陸資,63408,38101,65698,42495,-2290,-4394,298937,79994,413217,112276,-114280,-32282
2014/8/8,自營商,482225,53035,479189,57252,3036,-4217,339796,36775,680445,42517,-340649,-5742
2014/8/8,投信,355,408,445,634,-90,-226,5314,5124,2737,2405,2577,2719
2014/8/8,外資及陸資,103753,59896,117314,50872,-13561,9024,306037,86657,434446,109863,-128409,-23206
2014/8/11,自營商,287700,37775,298123,31892,-10423,5883,344383,40385,695641,40553,-351258,-168
2014/8/11,投信,467,847,695,404,-228,443,4890,5229,2541,2053,2349,3176
2014/8/11,外資及陸資,63194,36405,67307,48020,-4113,-11615,301745,79636,434455,114444,-132710,-34809
2014/8/12,自營商,312089,38281,323390,35465,-11301,2816,348628,42707,711156,39853,-362528,2854
2014/8/12,投信,208,325,79,126,129,199,4984,5353,2506,1984,2478,3368
2014/8/12,外資及陸資,73967,45505,67058,43812,6909,1693,305946,78485,431935,111574,-125989,-33089
2014/8/13,自營商,421212,46197,375354,45201,45858,996,307876,40970,622629,36674,-314753,4296
2014/8/13,投信,1006,489,972,177,34,312,5419,5629,3107,1923,2312,3706
2014/8/13,外資及陸資,86257,55533,64372,41969,21885,13564,315317,82647,424647,102357,-109330,-19710
2014/8/14,自營商,287022,39006,290425,35789,-3403,3217,319837,41711,639496,34077,-319659,7635
2014/8/14,投信,148,268,324,286,-176,-18,5323,5603,3187,1906,2136,3697
2014/8/14,外資及陸資,63652,44952,67177,48301,-3525,-3349,312618,76504,425829,99578,-113211,-23074
2014/8/15,自營商,306155,37825,340040,40175,-33885,-2350,334719,40159,686899,34786,-352180,5373
2014/8/15,投信,321,273,330,425,-9,-152,5387,5561,3260,2023,2127,3538
2014/8/15,外資及陸資,63491,50004,72004,52452,-8513,-2448,310574,73600,433390,99160,-122816,-25559
2014/8/18,自營商,341260,48673,395398,48716,-54138,-43,334658,40881,740608,35568,-405950,5314
2014/8/18,投信,1151,2033,1317,2333,-166,-300,5380,5517,3419,2300,1961,3217
2014/8/18,外資及陸資,104945,118077,112876,130055,-7931,-11978,313454,75291,443658,112798,-130204,-37507
2014/8/19,自營商,496726,53967,341004,56434,155722,-2467,362192,34306,625040,31691,-262848,2615
2014/8/19,投信,1816,3082,1786,3001,30,81,5360,5578,3369,2248,1991,3330
2014/8/19,外資及陸資,104323,88447,87771,68226,16552,20221,329501,93528,443840,111019,-114339,-17490
2014/8/20,自營商,379329,50220,386059,51371,-6730,-1151,162858,20795,370750,26258,-207892,-5464
2014/8/20,投信,3350,3063,3249,2503,101,560,5167,5797,2473,1501,2694,4296
2014/8/20,外資及陸資,84435,66372,72520,59035,11915,7337,238492,69855,287954,80816,-49462,-10961
2014/8/21,自營商,267570,37410,249614,35466,17956,1944,197883,24318,387654,27974,-189771,-3656
2014/8/21,投信,365,417,283,480,82,-63,5197,5603,2421,1382,2776,4221
2014/8/21,外資及陸資,76274,51953,93130,60331,-16856,-8378,246865,70433,312634,89794,-65769,-19361
2014/8/22,自營商,390843,49233,360923,51290,29920,-2057,248340,25544,408058,31504,-159718,-5960
2014/8/22,投信,489,810,209,377,280,433,5457,6101,2401,1383,3056,4718
2014/8/22,外資及陸資,113232,70983,102037,57803,11195,13180,273154,87295,328697,93353,-55543,-6058
2014/8/25,自營商,185317,24782,182766,22550,2551,2232,262711,27327,419923,31103,-157212,-3776
2014/8/25,投信,356,661,24,35,332,626,5672,6509,2284,1157,3388,5352
2014/8/25,外資及陸資,39273,30798,49197,39347,-9924,-8549,274227,87952,339554,102542,-65327,-14590
2014/8/26,自營商,184873,25062,212184,26050,-27311,-988,271827,30271,456380,35111,-184553,-4840
2014/8/26,投信,142,222,387,118,-245,104,5428,6615,2285,1160,3143,5454
2014/8/26,外資及陸資,48015,30564,46649,33033,1366,-2469,280029,85069,344088,102089,-64059,-17020
2014/8/27,自營商,408660,41047,379532,38708,29128,2339,241696,32121,435861,34568,-194165,-2448
2014/8/27,投信,968,461,1340,146,-372,315,5451,6982,2380,1168,3071,5814
2014/8/27,外資及陸資,98736,52092,84121,45181,14615,6911,300898,97717,353566,107870,-52668,-10154
2014/8/28,自營商,222302,24588,214287,22136,8015,2452,268041,32569,454660,32439,-186619,130
2014/8/28,投信,34,57,81,140,-47,-83,5419,6917,2395,1185,3024,5732
2014/8/28,外資及陸資,59227,31915,68155,33752,-8928,-1837,306003,98387,367585,110396,-61582,-12010
2014/8/29,自營商,283015,29418,255779,28689,27236,729,298297,32468,457784,31653,-159487,815
2014/8/29,投信,189,165,316,425,-127,-260,5276,6640,2379,1172,2897,5469
2014/8/29,外資及陸資,55489,40444,64581,39626,-9092,818,299624,100703,370233,111889,-70609,-11186
2014/9/1,自營商,307220,36504,293378,27742,13842,8762,323455,38738,469292,29264,-145837,9474
2014/9/1,投信,203,373,113,110,90,263,5387,6893,2400,1130,2987,5763
2014/9/1,外資及陸資,39733,30775,48578,38222,-8845,-7447,298737,97743,377873,116281,-79136,-18539
2014/9/2,自營商,458382,57205,526131,58349,-67749,-1144,308516,42529,521593,34056,-213077,8473
2014/9/2,投信,436,640,363,653,73,-13,5257,6423,2197,738,3060,5685
2014/9/2,外資及陸資,86767,55111,100931,70535,-14164,-15424,292603,78543,384677,112502,-92074,-33959
2014/9/3,自營商,387611,40596,367312,41654,20299,-1058,280366,38247,446428,30807,-166062,7439
2014/9/3,投信,783,316,986,434,-203,-118,5102,6348,2243,759,2859,5588
2014/9/3,外資及陸資,73968,50340,63173,42327,10795,8013,298163,87179,380121,113209,-81958,-26029
2014/9/4,自營商,282151,36745,298052,38942,-15901,-2197,308425,36755,490318,31583,-181893,5173
2014/9/4,投信,180,307,820,1535,-640,-1228,4451,5090,2232,743,2219,4347
2014/9/4,外資及陸資,61423,43815,65358,46399,-3935,-2584,298866,84666,384042,113284,-85176,-28618
2014/9/5,自營商,312150,41153,328913,39131,-16763,2022,314267,39807,512855,32520,-198588,7287
2014/9/5,投信,128,119,322,486,-194,-367,4334,4754,2309,783,2025,3972
2014/9/5,外資及陸資,73293,50406,78231,53921,-4938,-3515,301936,80666,391893,112805,-89957,-32139
2014/9/9,自營商,322780,38063,311511,38317,11269,-254,332401,40298,519704,33305,-187303,6993
2014/9/9,投信,196,362,559,277,-363,85,3950,4804,2288,739,1662,4065
2014/9/9,外資及陸資,63822,43820,61360,38522,2462,5298,308946,87881,396575,114740,-87629,-26859
2014/9/10,自營商,491830,52419,534680,52091,-42850,328,295610,41401,506937,34072,-211327,7329
2014/9/10,投信,870,354,897,442,-27,-88,3894,4715,2259,772,1635,3943
2014/9/10,外資及陸資,84594,49779,111345,61422,-26751,-11643,308435,81396,425690,119907,-117255,-38510
2014/9/11,自營商,291400,29590,313499,31104,-22099,-1514,298613,43085,531995,37229,-233382,5856
2014/9/11,投信,355,163,318,583,37,-420,3708,4346,2036,840,1672,3506
2014/9/11,外資及陸資,62862,40855,63234,41895,-372,-1040,314177,80162,431268,119628,-117091,-39466
2014/9/12,自營商,477911,55075,506612,56560,-28701,-1485,313521,44401,575300,39917,-261779,4484
2014/9/12,投信,218,377,383,684,-165,-307,3633,4182,2126,1002,1507,3179
2014/9/12,外資及陸資,94441,74951,105923,75113,-11482,-162,318814,89742,446684,129333,-127870,-39592
2014/9/15,自營商,395868,49175,383013,50670,12855,-1495,323911,39297,572785,36250,-248874,3046
2014/9/15,投信,1220,1776,1652,2100,-432,-324,3541,4109,2466,1263,1075,2846
2014/9/15,外資及陸資,131821,152156,132346,144525,-525,7631,332080,105698,460755,137538,-128675,-31840
2014/9/16,自營商,461229,47102,477897,48840,-16668,-1738,332009,39000,599458,37794,-267449,1206
2014/9/16,投信,1437,2185,1474,2279,-37,-94,3581,4117,2543,1385,1038,2732
2014/9/16,外資及陸資,95638,91696,105646,99286,-10008,-7590,323567,88653,461761,127975,-138194,-39321
2014/9/17,自營商,572150,76362,561652,62333,10498,14029,155151,23289,323262,22448,-168111,841
2014/9/17,投信,2080,1869,2602,1520,-522,349,3865,4230,2276,1051,1589,3178
2014/9/17,外資及陸資,103009,78373,100926,78799,2083,-426,196133,60159,264610,87278,-68477,-27119
2014/9/18,自營商,282598,29602,293324,30228,-10726,-626,203868,24425,382459,24153,-178591,272
2014/9/18,投信,111,125,139,247,-28,-122,3851,4130,2290,1072,1561,3057
2014/9/18,外資及陸資,70065,49020,78238,53744,-8173,-4724,200734,58100,277007,89928,-76273,-31827
2014/9/19,自營商,345454,42067,343968,37171,1486,4896,225393,29626,401970,24471,-176577,5155
2014/9/19,投信,278,391,342,395,-64,-4,3887,4188,2390,1129,1497,3060
2014/9/19,外資及陸資,67216,46873,72733,52559,-5517,-5686,202959,54840,284671,92383,-81712,-37543
2014/9/22,自營商,502668,54196,497859,55235,4809,-1039,249628,31759,420944,27549,-171316,4210
2014/9/22,投信,126,204,631,954,-505,-750,3807,3982,2815,1711,992,2271
2014/9/22,外資及陸資,82805,57574,97729,65247,-14924,-7673,206683,51803,302555,96715,-95872,-44912
2014/9/23,自營商,341680,30349,333661,35756,8019,-5407,260706,27383,424032,28533,-163326,-1151
2014/9/23,投信,230,390,212,368,18,22,3808,3978,2798,1687,1010,2291
2014/9/23,外資及陸資,63591,46139,52410,37408,11181,8731,213788,55097,298486,91264,-84698,-36167
2014/9/24,自營商,333616,32578,345018,31642,-11402,936,196846,25503,362008,25610,-165162,-107
2014/9/24,投信,843,245,680,139,163,106,3911,3988,2738,1591,1173,2397
2014/9/24,外資及陸資,59201,46563,64513,51560,-5312,-4997,208342,54313,299368,95623,-91026,-41310
2014/9/25,自營商,472764,59517,505246,59075,-32482,442,232979,27588,431000,27221,-198021,368
2014/9/25,投信,219,213,501,809,-282,-596,4017,3957,3126,2178,891,1779
2014/9/25,外資及陸資,100572,65222,123430,80607,-22858,-15385,204677,45446,317464,101760,-112787,-56313
2014/9/26,自營商,497781,43789,476454,47858,21327,-4069,273099,25925,449340,29578,-176241,-3653
2014/9/26,投信,821,617,337,329,484,288,4247,3984,2872,1928,1375,2057
2014/9/26,外資及陸資,101559,70888,96608,58045,4951,12843,216584,54668,324590,97943,-108006,-43275
2014/9/29,自營商,318604,42205,329908,37663,-11304,4542,290827,29599,478629,28741,-187802,858
2014/9/29,投信,142,167,214,284,-72,-117,4236,3996,2933,2057,1303,1939
2014/9/29,外資及陸資,69289,58709,81099,64413,-11810,-5704,219346,53114,339080,102066,-119734,-48952
2014/9/30,自營商,625878,65157,627308,67919,-1430,-2762,329377,29471,518799,31413,-189422,-1942
2014/9/30,投信,503,774,289,507,214,267,4211,3865,2694,1660,1517,2204
2014/9/30,外資及陸資,122735,74760,140092,81112,-17357,-6352,232833,56292,369603,111577,-136770,-55286
2014/10/1,自營商,499481,49104,490757,45259,8724,3845,267729,27028,427181,25147,-159452,1881
2014/10/1,投信,1061,609,1036,216,25,393,4215,3866,2673,1273,1542,2593
2014/10/1,外資及陸資,85253,60708,83829,56515,1424,4193,233006,58160,368655,109244,-135649,-51084
2014/10/2,自營商,468305,54108,451978,55821,16327,-1713,318298,26779,461478,26601,-143180,178
2014/10/2,投信,190,265,171,224,19,41,4208,3883,2647,1245,1561,2637
2014/10/2,外資及陸資,96141,55600,120625,56682,-24484,-1082,244461,57286,404738,109522,-160277,-52236
2014/10/3,自營商,470287,59909,447203,51040,23084,8869,340511,31944,460668,22823,-120157,9121
2014/10/3,投信,430,625,369,256,61,369,4198,4241,2576,1204,1622,3037
2014/10/3,外資及陸資,86250,56548,83620,54948,2630,1600,251304,56994,409389,108029,-158085,-51035
2014/10/6,自營商,283096,39017,324395,35749,-41299,3268,342340,36962,504283,24548,-161943,12413
2014/10/6,投信,90,140,236,389,-146,-249,4052,3969,2576,1185,1476,2784
2014/10/6,外資及陸資,55224,43693,73185,61042,-17961,-17349,245101,47308,420738,115629,-175637,-68321
2014/10/7,自營商,481069,49845,476349,57025,4720,-7180,350037,31161,506984,25839,-156947,5322
2014/10/7,投信,114,155,1237,655,-1123,-500,3957,3864,3604,1601,353,2264
2014/10/7,外資及陸資,109722,79111,92494,72452,17228,6659,256065,49577,414270,111008,-158205,-61432
2014/10/8,自營商,450537,40884,453016,46200,-2479,-5316,307604,29276,430016,29243,-122412,33
2014/10/8,投信,909,285,1039,486,-130,-201,3933,3839,3710,1798,223,2041
2014/10/8,外資及陸資,78872,64429,69845,55849,9027,8580,255165,53603,411478,106177,-156313,-52574
2014/10/9,自營商,448689,55090,437578,58193,11111,-3103,334689,25483,446966,28541,-112277,-3058
2014/10/9,投信,766,1049,709,901,57,148,3962,3867,3672,1668,290,2200
2014/10/9,外資及陸資,124158,89988,107959,84657,16199,5331,275019,56901,415894,104388,-140875,-47487
2014/10/13,自營商,587109,70091,619410,74054,-32301,-3963,365912,25634,511135,32372,-145223,-6737
2014/10/13,投信,1335,1757,1610,1964,-275,-207,3960,3747,3945,1822,15,1926
2014/10/13,外資及陸資,222640,165854,227172,163070,-4532,2784,295924,72828,441241,117006,-145317,-44177
2014/10/14,自營商,458344,50125,458806,47672,-462,2453,388313,26441,534605,30766,-146292,-4325
2014/10/14,投信,1064,1631,1223,1545,-159,86,4052,3832,4196,1812,-144,2021
2014/10/14,外資及陸資,126107,103903,128786,98844,-2679,5059,304784,77602,453047,116682,-148263,-39080
2014/10/15,自營商,552314,82621,614386,81773,-62072,848,193280,17251,253835,18814,-60555,-1563
2014/10/15,投信,1715,1987,2664,1858,-949,129,3253,3982,2337,1547,916,2436
2014/10/15,外資及陸資,124065,78010,147876,92843,-23811,-14833,196496,42466,298987,84624,-102491,-42157
2014/10/16,自營商,599226,67022,568132,71452,31094,-4430,283550,16582,313347,22742,-29797,-6160
2014/10/16,投信,449,710,281,434,168,276,3451,4325,2367,1621,1084,2704
2014/10/16,外資及陸資,172975,87467,209709,86647,-36734,820,222368,44965,361816,86171,-139448,-41206
2014/10/17,自營商,496805,58041,520185,60118,-23380,-2077,314424,17642,367037,25817,-52613,-8175
2014/10/17,投信,256,350,623,744,-367,-394,3289,4150,2572,1877,717,2273
2014/10/17,外資及陸資,137782,93041,144732,92635,-6950,406,229951,47506,375694,87939,-145743,-40432
2014/10/20,自營商,403279,45616,371629,45171,31650,445,351419,18652,371956,26585,-20537,-7933
2014/10/20,投信,506,825,159,243,347,582,3446,4493,2389,1606,1057,2887
2014/10/20,外資及陸資,106003,65972,86774,54028,19229,11944,245421,52684,372629,81300,-127208,-28616
2014/10/21,自營商,279498,25996,272599,27680,6899,-1684,379153,19871,392726,29400,-13573,-9529
2014/10/21,投信,69,116,237,222,-168,-106,3414,4442,2525,1666,889,2775
2014/10/21,外資及陸資,65826,49851,70180,47398,-4354,2453,246731,53821,378187,79953,-131456,-26132
2014/10/22,自營商,379104,39312,350221,35391,28883,3921,308715,18161,300085,23938,8630,-5777
2014/10/22,投信,402,691,1030,345,-628,346,3436,4537,2325,1382,1111,3155
2014/10/22,外資及陸資,89432,49610,83030,47061,6402,2549,250640,57487,366221,81146,-115581,-23659
2014/10/23,自營商,192320,26453,208183,27403,-15863,-950,340082,18473,346736,25151,-6654,-6678
2014/10/23,投信,181,277,1161,1962,-980,-1685,2389,2708,2258,1246,131,1461
2014/10/23,外資及陸資,54272,40502,54373,40086,-101,416,253760,56027,369326,79324,-115566,-23297
2014/10/24,自營商,400387,47413,422537,46617,-22150,796,356287,18928,385367,24586,-29080,-5658
2014/10/24,投信,469,375,303,279,166,96,2420,2742,2123,1198,297,1544
2014/10/24,外資及陸資,113559,71128,138382,77288,-24823,-6160,258667,57273,398437,86656,-139770,-29383
2014/10/27,自營商,304700,33560,289606,38431,15094,-4871,367601,18156,381150,28613,-13549,-10456
2014/10/27,投信,169,164,341,472,-172,-308,2329,2579,2204,1342,125,1237
2014/10/27,外資及陸資,85027,61344,74415,49678,10612,11666,264347,60151,393660,77939,-129313,-17788
2014/10/28,自營商,431998,50329,413655,46208,18343,4121,380937,20455,376612,27234,4325,-6779
2014/10/28,投信,632,1020,284,459,348,561,2377,2711,1904,889,473,1822
2014/10/28,外資及陸資,117216,67755,96938,60276,20278,7479,285365,66225,395161,76481,-109796,-10256
2014/10/29,自營商,496874,44479,469203,40157,27671,4322,335714,20564,317377,22974,18337,-2410
2014/10/29,投信,429,716,1007,340,-578,376,2611,3127,1916,911,695,2215
2014/10/29,外資及陸資,91326,50339,94813,51642,-3487,-1303,274230,66013,395780,77577,-121550,-11564
2014/10/30,自營商,304241,29998,329660,29242,-25419,756,362507,21022,369050,22390,-6543,-1368
2014/10/30,投信,978,1730,962,1678,16,52,3455,4644,2744,2377,711,2267
2014/10/30,外資及陸資,73793,40836,77902,45556,-4109,-4720,275735,63499,401082,79874,-125347,-16375
2014/10/31,自營商,464115,51616,454370,46554,9745,5062,389307,21966,386040,18354,3267,3612
2014/10/31,投信,225,382,136,202,89,180,3501,4801,2701,2331,800,2470
2014/10/31,外資及陸資,126225,68583,111668,68046,14557,537,286189,62083,397238,77876,-111049,-15794
2014/11/3,自營商,466869,42028,477404,40598,-10535,1430,415828,23513,422059,18631,-6231,4881
2014/11/3,投信,320,465,239,369,81,96,3554,4885,2673,2317,881,2568
2014/11/3,外資及陸資,107700,56102,105667,58457,2033,-2355,297673,60055,406354,78199,-108681,-18145
2014/11/4,自營商,459395,52321,461591,53867,-2196,-1546,438563,22608,447911,19280,-9348,3328
2014/11/4,投信,176,290,237,393,-61,-103,3475,4754,2655,2287,820,2467
2014/11/4,外資及陸資,104809,72964,99769,67215,5040,5749,303355,61108,407376,73497,-104021,-12390
2014/11/5,自營商,423875,42814,465510,46258,-41635,-3444,379333,21225,399896,21327,-20563,-102
2014/11/5,投信,105,176,1164,548,-1059,-372,3277,4439,2716,2345,561,2094
2014/11/5,外資及陸資,86353,52193,86601,54351,-248,-2158,298410,58692,406960,73248,-108550,-14555
2014/11/6,自營商,401926,44643,422073,48212,-20147,-3569,416798,21495,457537,24980,-40739,-3485
2014/11/6,投信,148,221,191,333,-43,-112,3242,4312,2724,2347,518,1965
2014/11/6,外資及陸資,103028,67415,107323,68450,-4295,-1035,305851,56783,418541,72432,-112690,-15649
2014/11/7,自營商,384095,42339,387010,41075,-2915,1264,429288,20721,472591,23008,-43303,-2287
2014/11/7,投信,124,209,201,325,-77,-116,3136,4168,2695,2312,441,1856
2014/11/7,外資及陸資,86700,61189,90481,58530,-3781,2659,306395,58241,422970,71182,-116575,-12940
2014/11/10,自營商,458191,50310,403534,51767,54657,-1457,466184,20820,454759,24691,11425,-3871
2014/11/10,投信,395,663,255,451,140,212,3244,4391,2663,2294,581,2097
2014/11/10,外資及陸資,129416,79528,105367,64576,24049,14952,334839,77549,428106,75269,-93267,2280
2014/11/11,自營商,293551,34025,324951,32245,-31400,1780,470074,24131,489969,26272,-19895,-2141
2014/11/11,投信,239,422,415,380,-176,42,3080,4447,2675,2312,405,2136
2014/11/11,外資及陸資,58996,48643,73788,63777,-14792,-15134,328535,68730,436293,81649,-107758,-12918
2014/11/12,自營商,602715,60743,672898,61068,-70183,-325,410717,23812,453636,25965,-42919,-2152
2014/11/12,投信,149,246,1353,920,-1204,-674,2781,3862,2779,2428,2,1434
2014/11/12,外資及陸資,111849,78558,125332,85405,-13483,-6847,310629,55213,424558,74902,-113929,-19688
2014/11/13,自營商,394803,42860,377655,42944,17148,-84,440405,21026,466298,23297,-25893,-2271
2014/11/13,投信,457,701,311,400,146,301,2800,3911,2652,2168,148,1742
2014/11/13,外資及陸資,75273,61028,66939,48730,8334,12298,321283,62255,427347,69634,-106064,-7379
2014/11/14,自營商,357973,39317,363455,37882,-5482,1435,443849,22567,475075,23295,-31226,-729
2014/11/14,投信,628,567,599,489,29,78,2833,3979,2656,2158,177,1821
2014/11/14,外資及陸資,94073,70129,101129,68316,-7056,1813,320157,59491,433241,65049,-113084,-5557
2014/11/17,自營商,594469,67109,614751,68852,-20282,-1743,455945,24047,507418,26418,-51473,-2371
2014/11/17,投信,996,1716,1009,1744,-13,-28,2780,3859,2616,2082,164,1777
2014/11/17,外資及陸資,164792,137518,153279,132522,11513,4996,330756,71666,432104,72318,-101348,-652
2014/11/18,自營商,574241,57230,575078,63993,-837,-6763,464728,18840,517585,27890,-52857,-9050
2014/11/18,投信,1498,2453,1722,2843,-224,-390,2840,3852,2900,2468,-60,1384
2014/11/18,外資及陸資,126297,111183,135315,115258,-9018,-4075,340675,73076,451054,77812,-110379,-4736
2014/11/19,自營商,606520,77237,540223,73783,66297,3454,197597,12124,215719,18505,-18122,-6381
2014/11/19,投信,1547,2436,2257,1761,-710,675,2684,3831,2526,2108,158,1723
2014/11/19,外資及陸資,130847,87032,108409,68589,22438,18443,253785,65092,284200,54434,-30415,10659
2014/11/20,自營商,328643,39322,327638,38433,1005,889,246711,14935,264167,20477,-17456,-5542
2014/11/20,投信,420,688,239,414,181,274,2871,4200,2538,2188,333,2011
2014/11/20,外資及陸資,95718,67275,86333,57037,9385,10238,269305,76401,291059,55151,-21754,21250
2014/11/21,自營商,248936,28330,254459,25287,-5523,3043,270983,18114,293445,20688,-22462,-2574
2014/11/21,投信,19,26,146,254,-127,-228,2790,4064,2584,2279,206,1785
2014/11/21,外資及陸資,57164,45111,67307,54740,-10143,-9629,268310,69243,299842,57642,-31532,11601
2014/11/24,自營商,261866,29544,269366,25990,-7500,3554,287183,21321,316448,20495,-29265,826
2014/11/24,投信,132,172,200,301,-68,-129,2690,3942,2552,2283,138,1660
2014/11/24,外資及陸資,53989,38573,60223,42741,-6234,-4168,266934,61763,304412,53782,-37478,7981
2014/11/25,自營商,331313,33135,322912,33368,8401,-233,297628,21852,318429,21229,-20801,624
2014/11/25,投信,150,265,285,482,-135,-217,2655,3900,2652,2460,3,1440
2014/11/25,外資及陸資,66975,60034,73719,56861,-6744,3173,268810,65491,312928,54224,-44118,11267
2014/11/26,自營商,325357,26479,316490,26440,8867,39,269900,20875,280326,20137,-10426,738
2014/11/26,投信,113,200,977,310,-864,-110,2699,3991,2760,2658,-61,1333
2014/11/26,外資及陸資,54052,39816,63996,41811,-9944,-1995,264506,62824,315712,53523,-51206,9300
2014/11/27,自營商,397319,38707,366835,40722,30484,-2015,341988,20492,321891,21797,20097,-1305
2014/11/27,投信,199,336,394,403,-195,-67,2774,4135,3030,2860,-256,1274
2014/11/27,外資及陸資,97452,62745,88852,54550,8600,8195,281922,71295,324798,53681,-42876,17613
2014/11/28,自營商,306307,20045,295853,19185,10454,860,390163,21947,359373,22382,30790,-435
2014/11/28,投信,107,187,201,211,-94,-24,2801,4185,3151,2933,-350,1252
2014/11/28,外資及陸資,57184,33068,57765,35806,-581,-2738,293269,68965,336515,54026,-43246,14939
2014/12/1,自營商,632665,62470,658470,62379,-25805,91,416539,23744,411188,23887,5351,-143
2014/12/1,投信,383,536,558,905,-175,-369,2572,3764,3097,2892,-525,872
2014/12/1,外資及陸資,147552,99644,144122,99819,3430,-175,304533,70275,344547,55885,-40014,14391
2014/12/2,自營商,496805,56383,559879,56477,-63074,-94,420072,27635,477996,27870,-57924,-235
2014/12/2,投信,343,204,444,733,-101,-529,2396,3319,3022,2986,-626,333
2014/12/2,外資及陸資,114784,82261,129096,99857,-14312,-17596,302959,56755,356421,60382,-53462,-3627
2014/12/3,自營商,678497,63161,607608,57129,70889,6032,373726,26284,377661,20502,-3935,5782
2014/12/3,投信,664,971,916,198,-252,773,2636,3755,2714,2637,-78,1117
2014/12/3,外資及陸資,134279,90037,107066,74235,27213,15802,309556,74416,342553,62036,-32997,12380
2014/12/4,自營商,388123,35494,388484,34286,-361,1208,430201,28567,434724,21544,-4523,7023
2014/12/4,投信,469,828,223,404,246,424,2925,4287,2757,2744,168,1543
2014/12/4,外資及陸資,70355,48620,75655,58042,-5300,-9422,310316,66757,348479,63758,-38163,2999
2014/12/5,自營商,304511,29479,303831,30903,680,-1424,453855,27591,457518,21998,-3663,5592
2014/12/5,投信,106,174,204,369,-98,-195,2872,4171,2802,2825,70,1346
2014/12/5,外資及陸資,63061,54153,65148,53187,-2087,966,312816,67930,352667,63886,-39851,4045
2014/12/8,自營商,372066,40881,403868,40119,-31802,762,460295,28932,495431,22510,-35136,6422
2014/12/8,投信,93,153,227,396,-134,-243,2731,3913,2795,2813,-64,1099
2014/12/8,外資及陸資,72355,58259,77491,68935,-5136,-10676,312261,61981,357034,68708,-44773,-6727
2014/12/9,自營商,348638,34624,354051,38433,-5413,-3809,460426,26787,501143,24068,-40717,2719
2014/12/9,投信,88,158,421,620,-333,-462,2530,3545,2927,2913,-397,632
2014/12/9,外資及陸資,66807,54838,71764,51809,-4957,3029,314806,63313,364301,67050,-49495,-3737
2014/12/10,自營商,773367,71554,802215,73695,-28848,-2141,386208,27022,452629,26481,-66421,541
2014/12/10,投信,286,473,1210,689,-924,-216,2403,3270,2861,2858,-458,412
2014/12/10,外資及陸資,117818,97389,141415,108090,-23597,-10701,313219,58261,380926,72898,-67707,-14637
2014/12/11,自營商,443172,42945,428169,46234,15003,-3289,419497,23615,471280,26172,-51783,-2557
2014/12/11,投信,249,390,188,322,61,68,2429,3266,2826,2788,-397,478
2014/12/11,外資及陸資,78640,64681,78907,56675,-267,8006,317143,62109,385444,68983,-68301,-6874
2014/12/12,自營商,378502,40814,391546,37673,-13044,3141,433323,27548,498325,26887,-65002,661
2014/12/12,投信,254,441,245,405,9,36,2454,3319,2842,2805,-388,514
2014/12/12,外資及陸資,99076,66906,103777,67485,-4701,-579,322442,61752,395632,69694,-73190,-7942
2014/12/15,自營商,483018,57108,504035,58614,-21017,-1506,434173,25737,520568,26571,-86395,-834
2014/12/15,投信,1270,1743,1500,2145,-230,-402,2457,3336,3075,3224,-618,112
2014/12/15,外資及陸資,132383,106592,123869,100510,8514,6082,334255,72797,399419,75016,-65164,-2219
2014/12/16,自營商,571654,56406,576603,60150,-4949,-3744,453700,23002,544706,27434,-91006,-4432
2014/12/16,投信,1578,2392,1568,2228,10,164,2534,3449,3142,3177,-608,272
2014/12/16,外資及陸資,130159,112752,146685,122936,-16526,-10184,342245,79663,423887,92513,-81642,-12851
2014/12/17,自營商,733011,88600,796720,81648,-63709,6952,156140,13174,207511,18871,-51371,-5696
2014/12/17,投信,1444,2112,2516,2150,-1072,-38,2397,3108,3067,3114,-670,-6
2014/12/17,外資及陸資,122551,77023,141590,90546,-19039,-13523,151021,53088,212087,72395,-61066,-19308
2014/12/18,自營商,350921,34098,353128,33045,-2207,1053,199114,13549,252994,18048,-53880,-4498
2014/12/18,投信,300,440,183,283,117,157,2448,3185,3001,3033,-553,152
2014/12/18,外資及陸資,81452,45366,76342,42556,5110,2810,159980,51969,215957,68527,-55977,-16558
2014/12/19,自營商,499266,53223,471630,54285,27636,-1062,240698,13261,266378,19039,-25680,-5778
2014/12/19,投信,461,779,131,130,330,649,2716,3719,2939,2915,-223,804
2014/12/19,外資及陸資,106043,81723,90082,57943,15961,23780,181007,70139,222087,62423,-41080,7716
2014/12/22,自營商,354835,38156,342045,34799,12790,3357,268928,17051,281602,19627,-12674,-2576
2014/12/22,投信,464,750,21,19,443,731,3064,4312,2844,2768,220,1544
2014/12/22,外資及陸資,62021,46048,54854,36971,7167,9077,187656,77010,221756,59970,-34100,17040
2014/12/23,自營商,289997,25128,291190,26825,-1193,-1697,279459,17249,292455,21637,-12996,-4388
2014/12/23,投信,238,242,146,242,92,0,3153,4302,2841,2757,312,1545
2014/12/23,外資及陸資,39532,30215,43901,31937,-4369,-1722,186591,73034,224948,57406,-38357,15628
2014/12/24,自營商,451605,37697,435474,36024,16131,1673,227072,18957,234284,21723,-7212,-2765
2014/12/24,投信,524,429,1154,299,-630,130,3200,4577,2823,2889,377,1688
2014/12/24,外資及陸資,64239,40129,65047,38183,-808,1946,186908,75261,225397,57512,-38489,17749
2014/12/25,自營商,176830,15236,192607,15037,-15777,199,255999,19683,278970,22248,-22971,-2566
2014/12/25,投信,131,239,120,197,11,42,3222,4631,2834,2900,388,1731
2014/12/25,外資及陸資,19082,12257,19427,11514,-345,743,189420,74561,228341,56051,-38921,18510
2014/12/26,自營商,262206,25806,261394,24694,812,1112,291736,21914,313949,23431,-22213,-1517
2014/12/26,投信,147,175,114,185,33,-10,3239,4624,2818,2895,421,1730
2014/12/26,外資及陸資,42123,26890,40745,27359,1378,-469,194402,75134,232050,56943,-37648,18191
2014/12/27,自營商,147353,13814,152514,11583,-5161,2231,296622,23495,323990,22823,-27368,672
2014/12/27,投信,19,34,87,125,-68,-91,3174,4550,2821,2908,353,1642
2014/12/27,外資及陸資,803,479,1140,1291,-337,-812,194457,75128,232595,57661,-38138,17466
2014/12/29,自營商,361897,37184,334324,40551,27573,-3367,327979,25169,327843,27879,136,-2710
2014/12/29,投信,255,324,215,393,40,-69,3196,4480,2803,2897,393,1583
2014/12/29,外資及陸資,74629,54898,67800,45565,6829,9333,206627,83711,238278,56704,-31651,27007
2014/12/30,自營商,348003,35927,355720,35775,-7717,152,337642,25052,345238,27644,-7596,-2592
2014/12/30,投信,127,160,363,653,-236,-493,2956,3968,2799,2881,157,1086
2014/12/30,外資及陸資,52835,36858,60877,43889,-8042,-7031,207967,76540,247243,56651,-39276,19889
2014/12/31,自營商,384980,33417,386112,38849,-1132,-5432,290666,21204,275653,29265,15013,-8061
2014/12/31,投信,72,128,977,328,-905,-200,2843,3822,2829,2936,14,887
2014/12/31,外資及陸資,45003,23987,37750,21994,7253,1993,207425,77094,243235,55225,-35810,21870
2015/1/5,自營商,496750,51571,520537,49659,-23787,1912,323432,23416,332290,29595,-8858,-6179
2015/1/5,投信,262,456,328,527,-66,-71,2818,3812,2870,2999,-52,813
2015/1/5,外資及陸資,90074,67649,99724,67958,-9650,-309,208534,75734,253769,54323,-45235,21412
2015/1/6,自營商,679198,63247,742355,65634,-63157,-2387,311823,18459,384294,26734,-72471,-8275
2015/1/6,投信,270,352,457,767,-187,-415,2687,3395,2926,3015,-239,380
2015/1/6,外資及陸資,109035,67222,128676,81936,-19641,-14714,205739,63774,270139,57855,-64400,5919
2015/1/7,自營商,568504,37034,540266,38686,28238,-1652,307839,16388,340353,26268,-32514,-9879
2015/1/7,投信,98,167,1098,505,-1000,-338,2458,3064,2947,3018,-489,45
2015/1/7,外資及陸資,69687,49480,84363,45816,-14676,3664,207359,68623,287783,59498,-80424,9125
2015/1/8,自營商,568679,60878,525111,53884,43568,6994,370654,25759,359632,28724,11022,-2965
2015/1/8,投信,702,1263,80,145,622,1118,2824,3802,2692,2636,132,1166
2015/1/8,外資及陸資,120609,74449,99615,59618,20994,14831,232017,82467,292995,57872,-60978,24595
2015/1/9,自營商,522332,51857,562771,52855,-40439,-998,365562,22449,394788,26648,-29226,-4199
2015/1/9,投信,289,514,357,603,-68,-89,2777,3723,2713,2652,64,1071
2015/1/9,外資及陸資,88634,51300,92841,67463,-4207,-16163,225427,69461,290510,60706,-65083,8755
2015/1/12,自營商,469112,39943,450930,45855,18182,-5912,393333,21210,404229,31243,-10896,-10033
2015/1/12,投信,202,333,188,329,14,4,2782,3699,2704,2630,78,1068
2015/1/12,外資及陸資,71647,49403,69696,40021,1951,9382,229964,77917,292613,59874,-62649,18043
2015/1/13,自營商,532735,59641,521839,59172,10896,469,417466,24097,418930,33537,-1464,-9440
2015/1/13,投信,222,269,387,653,-165,-384,2807,3698,2894,3009,-87,689
2015/1/13,外資及陸資,83243,66266,78186,59160,5057,7106,236888,86492,295020,61410,-58132,25082
2015/1/14,自營商,601339,58014,620491,60814,-19152,-2800,358134,18690,362629,30766,-4495,-12076
2015/1/14,投信,155,272,1348,932,-1193,-660,2646,3535,3187,3509,-541,26
2015/1/14,外資及陸資,76622,58434,97808,68899,-21186,-10465,221821,75010,297866,60903,-76045,14107
2015/1/15,自營商,419041,52087,433611,48506,-14570,3581,383494,19278,402965,27853,-19471,-8575
2015/1/15,投信,308,459,274,457,34,2,2694,3572,3201,3543,-507,29
2015/1/15,外資及陸資,79767,60807,75831,58345,3936,2462,230496,79440,302675,62885,-72179,16555
2015/1/16,自營商,586658,78281,605993,79362,-19335,-1081,385164,19538,423622,29015,-38458,-9477
2015/1/16,投信,483,870,531,843,-48,27,2699,3664,3254,3603,-555,61
2015/1/16,外資及陸資,129460,107214,140802,108397,-11342,-1183,236256,81061,319741,65626,-83485,15435
2015/1/19,自營商,534377,65657,517021,62738,17356,2919,398614,19701,419574,26224,-20960,-6523
2015/1/19,投信,1324,1987,1231,1830,93,157,2797,3850,3259,3634,-462,217
2015/1/19,外資及陸資,117242,117158,113969,114429,3273,2729,238330,80565,318356,61988,-80026,18577
2015/1/20,自營商,575401,61699,516985,64329,58416,-2630,441401,21424,403651,30654,37750,-9229
2015/1/20,投信,1719,2497,1702,2533,17,-36,2852,3921,3297,3741,-445,180
2015/1/20,外資及陸資,114759,103223,108924,94225,5835,8998,252926,95919,327353,67988,-74427,27931
2015/1/21,自營商,510075,64772,504645,61371,5430,3401,183998,10176,197098,20015,-13100,-9839
2015/1/21,投信,1364,2174,2281,1935,-917,239,2636,3591,3225,3667,-589,-76
2015/1/21,外資及陸資,93252,78615,84039,72776,9213,5839,175004,73560,181711,43895,-6707,29665
2015/1/22,自營商,335002,39956,321430,38881,13572,1075,242022,12595,241393,21206,629,-8611
2015/1/22,投信,313,563,288,536,25,27,2780,3886,3342,3934,-562,-48
2015/1/22,外資及陸資,90715,57732,83749,55373,6966,2359,199590,80550,199560,47973,30,32577
2015/1/23,自營商,345338,38047,324342,40053,20996,-2006,280837,13742,258878,24480,21959,-10738
2015/1/23,投信,293,527,285,461,8,66,2926,4219,3480,4200,-554,19
2015/1/23,外資及陸資,86638,54391,74718,50723,11920,3668,227634,86009,215363,48575,12271,37434
2015/1/26,自營商,246754,28628,251899,25659,-5145,2969,292187,14852,275267,22608,16920,-7756
2015/1/26,投信,47,87,110,191,-63,-104,2896,4179,3513,4264,-617,-85
2015/1/26,外資及陸資,50754,44021,48666,41520,2088,2501,234112,90100,219703,49835,14409,40265
2015/1/27,自營商,340118,36257,336380,38198,3738,-1941,314337,16131,293646,25923,20691,-9792
2015/1/27,投信,204,297,216,388,-12,-91,2909,4162,3538,4340,-629,-177
2015/1/27,外資及陸資,55754,43730,57784,49719,-2030,-5989,238744,86355,226212,51286,12532,35069
2015/1/28,自營商,351671,29951,328588,29696,23083,255,266660,15440,265829,24798,831,-9358
2015/1/28,投信,236,433,1041,445,-805,-12,2953,4333,3632,4519,-679,-186
2015/1/28,外資及陸資,56900,42661,55297,36218,1603,6443,244152,92313,229574,50749,14578,41564
2015/1/29,自營商,376822,46855,389387,53066,-12565,-6211,304834,12846,316556,28278,-11722,-15432
2015/1/29,投信,140,261,531,737,-391,-476,2880,4174,3950,4833,-1070,-659
2015/1/29,外資及陸資,70636,53294,83536,66003,-12900,-12709,248108,84163,245868,56382,2240,27781
2015/1/30,自營商,327063,35702,327322,37252,-259,-1550,315248,12485,326951,28984,-11703,-16500
2015/1/30,投信,138,252,282,525,-144,-273,2832,4070,4046,5000,-1214,-930
2015/1/30,外資及陸資,66777,53351,65513,54604,1264,-1253,255682,82398,251923,56013,3759,26385
2015/2/2,自營商,291914,35174,300765,35780,-8851,-606,332738,14586,353507,31809,-20769,-17223
2015/2/2,投信,175,320,218,407,-43,-87,2895,4199,4152,5218,-1257,-1020
2015/2/2,外資及陸資,59773,53586,51339,47932,8434,5654,268077,92544,256252,60382,11825,32162
2015/2/3,自營商,344303,40874,327467,36883,16836,3991,352294,16789,356344,30139,-4050,-13350
2015/2/3,投信,487,807,211,386,276,421,2966,4249,3947,4852,-981,-604
2015/2/3,外資及陸資,58361,51671,60436,52862,-2075,-1191,270417,93913,260781,62655,9636,31259
2015/2/4,自營商,421942,40017,413409,36640,8533,3377,316078,18160,311361,28246,4717,-10087
2015/2/4,投信,288,521,972,329,-684,192,3001,4426,3892,4841,-891,-415
2015/2/4,外資及陸資,58485,47235,65542,47624,-7057,-389,263925,92546,259196,61408,4729,31138
2015/2/5,自營商,252966,32853,268640,31574,-15674,1279,335575,19351,346739,28295,-11164,-8945
2015/2/5,投信,55,97,160,282,-105,-185,2942,4324,3938,4923,-996,-599
2015/2/5,外資及陸資,55874,49938,58925,47679,-3051,2259,265255,92421,263189,58970,2066,33451
2015/2/6,自營商,293803,41381,321531,38818,-27728,2563,341314,21338,380232,27654,-38918,-6316
2015/2/6,投信,95,179,316,566,-221,-387,2765,4001,3982,4983,-1217,-983
2015/2/6,外資及陸資,64126,47320,71395,60169,-7269,-12849,267029,82058,271652,61499,-4623,20559
2015/2/9,自營商,282057,31366,281566,34920,491,-3554,354288,20102,392758,29996,-38470,-9895
2015/2/9,投信,153,261,321,564,-168,-303,2647,3782,4032,5066,-1385,-1284
2015/2/9,外資及陸資,61403,55600,54936,48529,6467,7071,274765,89903,273023,62265,1742,27638
2015/2/10,自營商,286150,36180,319245,37054,-33095,-874,345332,22707,416736,33451,-71404,-10744
2015/2/10,投信,511,412,573,868,-62,-456,2528,3373,3975,5109,-1447,-1736
2015/2/10,外資及陸資,64125,52129,65814,63257,-1689,-11128,278088,84769,277561,68394,527,16375
2015/2/11,自營商,425307,49629,396846,48630,28461,999,316644,19795,337399,29285,-20755,-9491
2015/2/11,投信,1586,2850,2147,2379,-561,471,2620,3764,3918,5035,-1298,-1272
2015/2/11,外資及陸資,79672,59603,66456,52435,13216,7168,288621,93370,277744,69656,10877,23713
2015/2/12,自營商,226413,35045,245415,32286,-19002,2759,331659,21704,371090,28527,-39431,-6823
2015/2/12,投信,1236,2154,1526,2544,-290,-390,2453,3465,4041,5127,-1588,-1662
2015/2/12,外資及陸資,92401,100885,93235,106262,-834,-5377,307634,98138,297504,79666,10130,18471
2015/2/13,自營商,329283,38758,323762,39882,5521,-1124,357553,21963,391240,29850,-33687,-7886
2015/2/13,投信,1684,2871,1357,2319,327,552,2694,3830,3969,4976,-1275,-1145
2015/2/13,外資及陸資,120473,92948,112254,83976,8219,8972,349908,105606,331614,78096,18294,27510
2015/2/24,自營商,410798,58932,392265,51719,18533,7213,157328,13578,213080,16970,-55752,-3392
2015/2/24,投信,1034,1456,1502,1355,-468,101,2458,3667,3449,5206,-991,-1539
2015/2/24,外資及陸資,84019,68754,81969,62558,2050,6196,247540,92133,203084,55324,44456,36809
2015/2/25,自營商,304964,27111,306376,26868,-1412,243,190416,14053,243725,17303,-53309,-3251
2015/2/25,投信,189,349,979,316,-790,33,2443,3671,3824,5182,-1381,-1510
2015/2/25,外資及陸資,59151,43763,47659,37930,11492,5833,260372,96305,205924,53215,54448,43089
2015/2/26,自營商,282432,30627,298645,31390,-16213,-763,241451,14661,310976,18835,-69525,-4174
2015/2/26,投信,183,227,328,444,-145,-217,2373,3529,3909,5257,-1536,-1727
2015/2/26,外資及陸資,59602,35929,64879,44206,-5277,-8277,272107,91305,222760,56705,49347,34600
2015/3/2,自營商,260140,32033,275261,31624,-15121,409,256481,17229,340734,20941,-84253,-3711
2015/3/2,投信,153,289,187,347,-34,-58,2355,3492,3925,5276,-1570,-1784
2015/3/2,外資及陸資,52356,36918,54324,47223,-1968,-10305,276852,85895,229234,61699,47618,24197
2015/3/3,自營商,313213,35823,324142,35402,-10929,421,269912,20063,364855,23336,-94943,-3272
2015/3/3,投信,339,370,157,295,182,75,2478,3550,3866,5255,-1388,-1705
2015/3/3,外資及陸資,61590,42192,69072,49739,-7482,-7547,279251,81727,238920,65134,40331,16593
2015/3/4,自營商,316541,29625,295593,29690,20948,-65,228219,16465,306691,19824,-78472,-3360
2015/3/4,投信,189,339,970,320,-781,19,2399,3571,3858,5258,-1459,-1686
2015/3/4,外資及陸資,51183,38431,46505,32358,4678,6073,284053,86012,236255,63334,47798,22678
2015/3/5,自營商,283447,36519,310202,35718,-26755,801,245900,17960,351375,20471,-105475,-2510
2015/3/5,投信,95,151,214,398,-119,-247,2300,3351,3878,5277,-1578,-1927
2015/3/5,外資及陸資,61724,49285,67891,55062,-6167,-5777,288181,84157,246695,68088,41486,16069
2015/3/6,自營商,272638,39294,273635,35431,-997,3863,254487,21664,361037,20345,-106550,1318
2015/3/6,投信,90,158,96,174,-6,-16,2285,3335,3869,5288,-1584,-1953
2015/3/6,外資及陸資,68826,47761,57225,44185,11601,3576,301326,87676,248158,67694,53168,19982
2015/3/9,自營商,289720,40737,313974,43447,-24254,-2710,258911,21238,390002,22541,-131091,-1303
2015/3/9,投信,252,308,309,392,-57,-84,2324,3394,3964,5417,-1640,-2023
2015/3/9,外資及陸資,58422,44561,67518,51777,-9096,-7216,303784,83977,259851,72082,43933,11895
2015/3/10,自營商,355010,41971,367678,42269,-12668,-298,265175,22995,408997,24581,-143822,-1586
2015/3/10,投信,192,231,483,914,-291,-683,2408,3410,4339,6107,-1931,-2697
2015/3/10,外資及陸資,71907,54827,84591,58758,-12684,-3931,308950,84619,276822,76864,32128,7755
2015/3/11,自營商,548948,44126,521428,48117,27520,-3991,235334,19170,347934,24664,-112600,-5494
2015/3/11,投信,395,733,1147,660,-752,73,2527,3722,4465,6341,-1938,-2619
2015/3/11,外資及陸資,89872,65163,83369,51333,6503,13830,313787,91802,280067,70730,33720,21072
2015/3/12,自營商,428026,49627,415849,43331,12177,6296,262331,24574,363395,23904,-101064,670
2015/3/12,投信,262,481,144,273,118,208,2551,3801,4371,6236,-1820,-2435
2015/3/12,外資及陸資,72840,57062,72308,51127,532,5935,325939,97018,292731,69835,33208,27183
2015/3/13,自營商,302627,33329,302638,37005,-11,-3676,271720,22903,373141,26158,-101421,-3254
2015/3/13,投信,387,737,374,702,13,35,2564,3833,4371,6230,-1807,-2398
2015/3/13,外資及陸資,62547,63175,66072,71924,-3525,-8749,330660,93967,301068,75561,29592,18406
2015/3/16,自營商,329954,46210,347357,52628,-17403,-6418,282517,19099,401013,28738,-118496,-9640
2015/3/16,投信,1801,3242,1995,3570,-194,-328,2465,3648,4466,6359,-2001,-2711
2015/3/16,外資及陸資,97972,107063,96418,110994,1554,-3931,341703,94162,310405,80327,31298,13835
2015/3/17,自營商,472235,67559,461626,67689,10609,-130,288632,19784,396535,29484,-107903,-9700
2015/3/17,投信,2318,3838,2100,3580,218,258,2480,3672,4260,6124,-1780,-2452
2015/3/17,外資及陸資,116235,110101,114391,112103,1844,-2002,352170,97866,318397,85281,33773,12585
2015/3/18,自營商,563350,86686,509973,69571,53377,17115,170590,14211,213937,23807,-43347,-9596
2015/3/18,投信,1261,1950,1966,1592,-705,358,2535,3844,4069,5670,-1534,-1827
2015/3/18,外資及陸資,114894,72742,102286,51427,12608,21315,255093,99763,204028,61458,51065,38305
2015/3/19,自營商,401418,43877,414854,39060,-13436,4817,225508,21273,283136,26519,-57628,-5246
2015/3/19,投信,283,496,205,378,78,118,2688,4145,4144,5871,-1456,-1726
2015/3/19,外資及陸資,99128,52475,87846,55616,11282,-3141,282301,100175,220228,64354,62073,35821
2015/3/20,自營商,232192,25715,242770,25215,-10578,500,236531,22188,304619,26976,-68088,-4788
2015/3/20,投信,72,139,113,212,-41,-73,2670,4114,4167,5911,-1497,-1797
2015/3/20,外資及陸資,46033,32281,56750,41254,-10717,-8973,287479,97323,236287,70986,51192,26337
2015/3/23,自營商,244929,29195,245386,26796,-457,2399,244545,23775,313086,26191,-68541,-2416
2015/3/23,投信,165,296,71,132,94,164,2761,4269,4164,5900,-1403,-1632
2015/3/23,外資及陸資,58183,44232,61527,47642,-3344,-3410,289580,92071,241757,69146,47823,22925
2015/3/24,自營商,284664,33614,286622,36052,-1958,-2438,250834,22080,321663,26949,-70829,-4869
2015/3/24,投信,197,204,497,944,-300,-740,2807,4184,4510,6551,-1703,-2367
2015/3/24,外資及陸資,58801,46102,63773,50182,-4972,-4080,294474,90815,251053,72145,43421,18670
2015/3/25,自營商,429030,33523,453106,41213,-24076,-7690,208002,18214,290705,30691,-82703,-12477
2015/3/25,投信,49,93,895,455,-846,-362,2616,3952,4440,6672,-1824,-2720
2015/3/25,外資及陸資,65235,50037,71452,57511,-6217,-7474,287654,83389,250143,72270,37511,11118
2015/3/26,自營商,404841,40194,421824,41199,-16983,-1005,222120,18592,321546,31674,-99426,-13082
2015/3/26,投信,152,231,547,945,-395,-714,2574,3793,4793,7207,-2219,-3413
2015/3/26,外資及陸資,89898,63042,99346,64085,-9448,-1043,297088,83211,268308,74496,28780,8715
2015/3/27,自營商,463199,49039,498341,47661,-35142,1378,254087,22335,388811,33741,-134724,-11405
2015/3/27,投信,154,268,1443,2716,-1289,-2448,2414,3459,5922,9298,-3508,-5839
2015/3/27,外資及陸資,95809,65782,120735,83624,-24926,-17842,306009,73355,301817,83470,4192,-10115
2015/3/30,自營商,335369,29300,334514,30595,855,-1295,260879,21242,395149,34022,-134270,-12781
2015/3/30,投信,117,108,81,144,36,-36,2400,3427,5872,9308,-3472,-5881
2015/3/30,外資及陸資,75562,55879,70933,53409,4629,2470,314770,75447,306217,83399,8553,-7952
2015/3/31,自營商,378722,37855,359943,35774,18779,2081,277429,21758,392684,32343,-115255,-10585
2015/3/31,投信,530,813,278,414,252,399,2394,3353,5614,8852,-3220,-5500
2015/3/31,外資及陸資,70536,52689,72410,51856,-1874,833,317848,76076,311215,83206,6633,-7130
2015/4/1,自營商,572442,47075,576739,49312,-4297,-2237,269156,20067,363262,32742,-94106,-12676
2015/4/1,投信,257,477,944,625,-687,-148,2503,3535,5765,9139,-3262,-5604
2015/4/1,外資及陸資,94095,57009,90526,56628,3569,381,317405,77495,306239,84343,11166,-6847
2015/4/2,自營商,463558,53666,439712,49489,23846,4177,314000,23644,384244,32021,-70244,-8377
2015/4/2,投信,463,797,102,192,361,605,2663,3858,5564,8918,-2901,-5060
2015/4/2,外資及陸資,89066,62892,71446,49996,17620,12896,336574,84350,308969,78072,27605,6278
2015/4/7,自營商,283079,29683,289158,26304,-6079,3379,316325,26762,393059,31898,-76734,-5135
2015/4/7,投信,504,790,127,235,377,555,2995,4331,5519,8845,-2524,-4513
2015/4/7,外資及陸資,56405,37665,62788,43786,-6383,-6121,334746,79305,313286,79017,21460,288
2015/4/8,自營商,414971,43032,438283,47365,-23312,-4333,264298,22938,368624,32289,-104326,-9351
2015/4/8,投信,88,166,859,483,-771,-317,2808,4133,5593,8933,-2785,-4800
2015/4/8,外資及陸資,66934,46283,77848,54787,-10914,-8504,326332,75473,316990,83801,9342,-8328
2015/4/9,自營商,592814,68207,582902,71899,9912,-3692,285197,21930,379444,34701,-94247,-12771
2015/4/9,投信,330,615,338,631,-8,-16,2821,4157,5614,8973,-2793,-4816
2015/4/9,外資及陸資,119813,82116,95661,72987,24152,9129,354618,79328,321114,78569,33504,759
2015/4/10,自營商,479220,55551,460816,52702,18404,2849,307967,24761,383734,34762,-75767,-10001
2015/4/10,投信,906,614,251,464,655,150,3518,4408,5656,9105,-2138,-4697
2015/4/10,外資及陸資,98402,75664,94653,72898,3749,2766,365932,83422,329196,79520,36736,3902
2015/4/13,自營商,310544,39742,329496,32939,-18952,6803,308326,28689,402922,31916,-94596,-3226
2015/4/13,投信,2704,4521,2282,3975,422,546,3874,4969,5590,9124,-1716,-4155
2015/4/13,外資及陸資,105612,107250,103734,112984,1878,-5734,378057,82508,339044,83722,39013,-1215
2015/4/14,自營商,304158,40577,315397,42212,-11239,-1635,306748,28199,412082,32929,-105334,-4731
2015/4/14,投信,3197,4385,2647,4166,550,219,4338,5136,5504,9064,-1166,-3928
2015/4/14,外資及陸資,92608,89418,95005,91480,-2397,-2062,388301,87633,351573,90978,36728,-3345
2015/4/15,自營商,663861,95598,719470,97901,-55609,-2303,147798,16901,256111,23841,-108313,-6940
2015/4/15,投信,2698,3762,3803,5107,-1105,-1345,4041,4182,5697,9204,-1656,-5022
2015/4/15,外資及陸資,141696,97426,182553,119230,-40857,-21804,255820,70383,251701,78765,4119,-8382
2015/4/16,自營商,389642,50643,373575,42645,16067,7998,213083,21835,305050,20931,-91967,904
2015/4/16,投信,351,635,106,203,245,432,4222,4556,5633,9203,-1411,-4647
2015/4/16,外資及陸資,116056,82765,94628,58904,21428,23861,279197,78903,254844,62892,24353,16012
2015/4/17,自營商,413964,37968,438334,45096,-24370,-7128,226682,18025,344021,25262,-117339,-7237
2015/4/17,投信,829,608,251,460,578,148,4789,4674,5622,9131,-833,-4457
2015/4/17,外資及陸資,87178,45268,99718,62722,-12540,-17454,292344,68900,280122,70430,12222,-1530
2015/4/20,自營商,484522,45373,474473,49523,10049,-4150,254999,16644,362291,27802,-107292,-11157
2015/4/20,投信,520,329,322,595,198,-266,5094,4600,5729,9315,-635,-4715
2015/4/20,外資及陸資,109253,71323,108700,68058,553,3265,304344,73527,292540,72870,11804,657
2015/4/21,自營商,394381,40932,400512,41942,-6131,-1010,266822,17053,380191,29150,-113369,-12097
2015/4/21,投信,165,154,149,269,16,-115,5156,4561,5775,9387,-619,-4826
2015/4/21,外資及陸資,83569,50688,92526,61766,-8957,-11078,314714,72838,311375,83300,3339,-10462
2015/4/22,自營商,649760,58806,614172,53764,35588,5042,231132,19805,330236,26837,-99104,-7033
2015/4/22,投信,427,785,674,133,-247,652,5178,4785,5524,8973,-346,-4188
2015/4/22,外資及陸資,149720,92344,107475,70839,42245,21505,346782,78795,303030,67712,43752,11083
2015/4/23,自營商,925258,94474,932089,80520,-6831,13954,323052,36736,429598,29844,-106546,6891
2015/4/23,投信,940,1520,171,312,769,1208,5492,5319,5069,8389,423,-3070
2015/4/23,外資及陸資,233076,121028,212926,110366,20150,10662,386251,95715,323053,72564,63198,23151
2015/4/24,自營商,758674,98431,769631,97142,-10957,1289,379546,42569,496817,34368,-117271,8201
2015/4/24,投信,983,1507,200,229,783,1278,5953,5945,4747,7790,1206,-1845
2015/4/24,外資及陸資,259187,142047,261952,154510,-2765,-12463,403763,99758,343127,87992,60636,11766
2015/4/27,自營商,581429,64864,566582,61078,14847,3786,440052,47445,542593,35530,-102541,11915
2015/4/27,投信,229,445,297,373,-68,72,5784,5799,4646,7576,1138,-1777
2015/4/27,外資及陸資,204271,119876,195473,112064,8798,7812,428346,115507,358890,94905,69456,20602
2015/4/28,自營商,453148,43232,450026,45611,3122,-2379,470448,45824,569987,36172,-99539,9652
2015/4/28,投信,107,114,138,145,-31,-31,5833,5790,4726,7587,1107,-1797
2015/4/28,外資及陸資,108126,74629,120891,82045,-12765,-7416,438567,114147,381709,101655,56858,12492
2015/4/29,自營商,789798,75082,814793,85426,-24995,-10344,333996,32299,444968,32590,-110972,-292
2015/4/29,投信,204,302,1059,872,-855,-570,5674,5449,4922,7792,752,-2343
2015/4/29,外資及陸資,159016,120116,160556,117297,-1540,2819,440923,126370,391981,111783,48942,14587
2015/4/30,自營商,406355,47694,421409,48885,-15054,-1191,361536,32699,487564,34073,-126028,-1374
2015/4/30,投信,39,13,266,464,-227,-451,5559,5212,5034,7990,525,-2778
2015/4/30,外資及陸資,116990,94044,129953,99679,-12963,-5635,444869,127858,408415,119226,36454,8632
2015/5/4,自營商,439862,48896,462627,46905,-22765,1991,382623,36011,531384,35243,-148761,767
2015/5/4,投信,86,161,56,107,30,54,5592,5292,5037,8008,555,-2716
2015/5/4,外資及陸資,96212,69650,105432,73715,-9220,-4065,450520,126536,422963,122087,27557,4449
2015/5/5,自營商,431524,43518,433960,45864,-2436,-2346,389028,34241,539715,35622,-150687,-1381
2015/5/5,投信,258,175,105,192,153,-17,5790,5322,5082,8062,708,-2740
2015/5/5,外資及陸資,97386,56028,103912,62519,-6526,-6491,450395,123362,428503,125595,21892,-2233
2015/5/6,自營商,594606,51379,598551,52088,-3945,-709,351645,35977,477961,37975,-126316,-1998
2015/5/6,投信,499,644,779,351,-280,293,5935,5278,4907,7734,1028,-2456
2015/5/6,外資及陸資,108710,77743,112545,80928,-3835,-3185,447138,126525,432180,132189,14958,-5664
2015/5/7,自營商,408217,45834,423199,52110,-14982,-6276,363611,35542,504787,43634,-141176,-8092
2015/5/7,投信,115,213,413,771,-298,-558,5709,4771,4979,7796,730,-3025
2015/5/7,外資及陸資,120942,92559,139795,109235,-18853,-16676,446543,111753,454656,134612,-8113,-22858
2015/5/8,自營商,352371,31295,349763,32567,2608,-1272,385132,34468,523398,43214,-138266,-8746
2015/5/8,投信,302,261,472,784,-170,-523,5594,4356,5034,7884,560,-3528
2015/5/8,外資及陸資,87799,57507,88423,64067,-624,-6560,456685,110778,465968,140382,-9283,-29604
2015/5/11,自營商,576505,65536,607565,63776,-31060,1760,389390,40101,558487,46723,-169097,-6622
2015/5/11,投信,221,417,208,388,13,29,5638,4465,5065,7932,573,-3467
2015/5/11,外資及陸資,137659,103041,149313,111717,-11654,-8676,463391,112113,484281,150055,-20890,-37942
2015/5/12,自營商,471172,46219,482782,45927,-11610,292,396972,37330,577685,43474,-180713,-6144
2015/5/12,投信,486,313,793,1378,-307,-1065,5814,4358,5548,8865,266,-4507
2015/5/12,外資及陸資,102333,85633,115463,86941,-13130,-1308,467025,119558,501132,158793,-34107,-39235
2015/5/13,自營商,594787,57907,566214,57281,28573,626,369905,36339,493230,42031,-123325,-5691
2015/5/13,投信,541,1025,1130,1017,-589,8,5839,4418,5562,8934,277,-4516
2015/5/13,外資及陸資,112304,76333,111940,73467,364,2866,463510,125583,500046,161632,-36536,-36049
2015/5/14,自營商,580455,67315,643588,66557,-63133,758,355440,38732,541797,43443,-186357,-4712
2015/5/14,投信,362,310,669,942,-307,-632,5822,4291,5852,9375,-30,-5084
2015/5/14,外資及陸資,121829,88502,141968,105924,-20139,-17422,462550,111796,518489,164980,-55939,-53183
2015/5/15,自營商,542165,55495,551139,56166,-8974,-671,363569,39708,558502,44541,-194933,-4833
2015/5/15,投信,1002,1585,1055,1681,-53,-96,5799,4213,5882,9404,-83,-5191
2015/5/15,外資及陸資,148289,111772,142940,102449,5349,9323,462154,105512,513283,149223,-51129,-43711
2015/5/18,自營商,351710,39304,363299,37540,-11589,1764,366727,39215,573168,42207,-206441,-2992
2015/5/18,投信,2517,4102,2219,3463,298,639,5843,4373,5628,8941,215,-4568
2015/5/18,外資及陸資,152376,134009,154288,133325,-1912,684,480529,105869,534165,148851,-53636,-42981
2015/5/19,自營商,724996,76887,677423,75233,47573,1654,394811,37438,553109,38877,-158298,-1439
2015/5/19,投信,3933,4946,3241,3697,692,1249,6092,4900,5185,8244,907,-3344
2015/5/19,外資及陸資,176196,167169,172057,156097,4139,11072,502255,123149,552875,155222,-50620,-32073
2015/5/20,自營商,544863,68784,565587,63493,-20724,5291,182662,24118,306277,21333,-123615,2786
2015/5/20,投信,2661,2737,2977,2067,-316,670,5771,4782,4740,7559,1031,-2777
2015/5/20,外資及陸資,105965,82671,129429,100913,-23464,-18242,332687,76293,358259,113161,-25572,-36868
2015/5/21,自營商,427217,48371,444217,48962,-17000,-591,226439,27061,366871,24860,-140432,2201
2015/5/21,投信,180,285,422,783,-242,-498,5741,4626,4952,7858,789,-3233
2015/5/21,外資及陸資,150676,95150,158867,100165,-8191,-5015,339878,72287,372223,113916,-32345,-41629
2015/5/22,自營商,412575,46487,396522,43253,16053,3234,260830,28991,385213,23563,-124383,5428
2015/5/22,投信,553,841,484,547,69,294,6004,4969,5146,7917,858,-2947
2015/5/22,外資及陸資,116389,73701,103470,62445,12919,11256,349917,75906,370802,106419,-20885,-30513
2015/5/25,自營商,354936,39765,368049,39491,-13113,274,268515,29497,406212,24049,-137697,5447
2015/5/25,投信,169,262,157,286,12,-24,6013,4979,5143,7914,870,-2935
2015/5/25,外資及陸資,75992,47746,79605,42038,-3613,5708,355928,76992,380423,101846,-24495,-24854
2015/5/26,自營商,498270,42389,481226,43271,17044,-882,300517,29705,421191,25164,-120674,4541
2015/5/26,投信,451,862,105,196,346,666,6085,5146,4869,7408,1216,-2261
2015/5/26,外資及陸資,122167,73093,121012,73091,1155,2,361901,75444,384917,100330,-23016,-24886
2015/5/27,自營商,521076,38397,481900,43816,39176,-5419,254254,24270,362721,25233,-108467,-963
2015/5/27,投信,160,297,850,484,-690,-187,6085,5149,4964,7590,1121,-2442
2015/5/27,外資及陸資,111134,75715,107553,65073,3581,10642,356040,81893,381669,96187,-25629,-14293